0, 0.250000, 0.000000, 0.000000, 1.142857, 0.729167, 3
1, 0.249620, 0.013772, 0.000000, 1.142857, 0.729167, 4
2, 0.248483, 0.027502, 0.000000, 1.142857, 0.729167, 4
3, 0.246590, 0.041149, 0.000000, 1.142857, 0.729167, 4
4, 0.243949, 0.054670, 0.000000, 1.142857, 0.729167, 4
5, 0.240567, 0.068026, 0.000000, 1.142857, 0.729167, 4
6, 0.236454, 0.081175, 0.000000, 1.142857, 0.729167, 4
7, 0.231624, 0.094077, 0.000000, 1.142857, 0.729167, 4
8, 0.226089, 0.106694, 0.000000, 1.142857, 0.729167, 4
9, 0.219868, 0.118987, 0.000000, 1.142857, 0.729167, 4
10, 0.212980, 0.130918, 0.000000, 1.142857, 0.729167, 4
11, 0.205444, 0.142452, 0.000000, 1.142857, 0.729167, 4
12, 0.197285, 0.153553, 0.000000, 1.142857, 0.729167, 4
13, 0.188527, 0.164188, 0.000000, 1.142857, 0.729167, 4
14, 0.179196, 0.174324, 0.000000, 1.142857, 0.729167, 4
15, 0.169320, 0.183931, 0.000000, 1.142857, 0.729167, 4
16, 0.158931, 0.192979, 0.000000, 1.142857, 0.729167, 4
17, 0.148059, 0.201441, 0.000000, 1.142857, 0.729167, 4
18, 0.136737, 0.209292, 0.000000, 1.142857, 0.729167, 4
19, 0.125000, 0.216506, 0.000000, 1.142857, 0.729167, 3
20, 0.112883, 0.223064, 0.000000, 1.142857, 0.729167, 4
21, 0.100424, 0.228943, 0.000000, 1.142857, 0.729167, 4
22, 0.087659, 0.234128, 0.000000, 1.142857, 0.729167, 4
23, 0.074629, 0.238601, 0.000000, 1.142857, 0.729167, 4
24, 0.061371, 0.242350, 0.000000, 1.142857, 0.729167, 4
25, 0.047928, 0.245363, 0.000000, 1.142857, 0.729167, 4
26, 0.034338, 0.247631, 0.000000, 1.142857, 0.729167, 4
27, 0.020645, 0.249146, 0.000000, 1.142857, 0.729167, 4
28, 0.006889, 0.249905, 0.000000, 1.142857, 0.729167, 4
29, -0.006889, 0.249905, 0.000000, 1.142857, 0.729167, 4
30, -0.020645, 0.249146, 0.000000, 1.142857, 0.729167, 4
31, -0.034338, 0.247631, 0.000000, 1.142857, 0.729167, 4
32, -0.047928, 0.245363, 0.000000, 1.142857, 0.729167, 4
33, -0.061371, 0.242350, 0.000000, 1.142857, 0.729167, 4
34, -0.074629, 0.238601, 0.000000, 1.142857, 0.729167, 4
35, -0.087659, 0.234128, 0.000000, 1.142857, 0.729167, 4
36, -0.100424, 0.228943, 0.000000, 1.142857, 0.729167, 4
37, -0.112883, 0.223064, 0.000000, 1.142857, 0.729167, 4
38, -0.125000, 0.216506, 0.000000, 1.142857, 0.729167, 3
39, -0.136737, 0.209292, 0.000000, 1.142857, 0.729167, 4
40, -0.148059, 0.201441, 0.000000, 1.142857, 0.729167, 4
41, -0.158931, 0.192979, 0.000000, 1.142857, 0.729167, 4
42, -0.169320, 0.183931, 0.000000, 1.142857, 0.729167, 4
43, -0.179196, 0.174324, 0.000000, 1.142857, 0.729167, 4
44, -0.188527, 0.164188, 0.000000, 1.142857, 0.729167, 4
45, -0.197285, 0.153553, 0.000000, 1.142857, 0.729167, 4
46, -0.205444, 0.142452, 0.000000, 1.142857, 0.729167, 4
47, -0.212980, 0.130918, 0.000000, 1.142857, 0.729167, 4
48, -0.219868, 0.118987, 0.000000, 1.142857, 0.729167, 4
49, -0.226089, 0.106694, 0.000000, 1.142857, 0.729167, 4
50, -0.231624, 0.094077, 0.000000, 1.142857, 0.729167, 4
51, -0.236454, 0.081175, 0.000000, 1.142857, 0.729167, 4
52, -0.240567, 0.068026, 0.000000, 1.142857, 0.729167, 4
53, -0.243949, 0.054670, 0.000000, 1.142857, 0.729167, 4
54, -0.246590, 0.041149, 0.000000, 1.142857, 0.729167, 4
55, -0.248483, 0.027502, 0.000000, 1.142857, 0.729167, 4
56, -0.249620, 0.013772, 0.000000, 1.142857, 0.729167, 4
57, -0.250000, 0.000000, 0.000000, 1.142857, 0.729167, 3
58, -0.249620, -0.013772, 0.000000, 1.142857, 0.729167, 4
59, -0.248483, -0.027502, 0.000000, 1.142857, 0.729167, 4
60, -0.246590, -0.041149, 0.000000, 1.142857, 0.729167, 4
61, -0.243949, -0.054670, 0.000000, 1.142857, 0.729167, 4
62, -0.240567, -0.068026, 0.000000, 1.142857, 0.729167, 4
63, -0.236454, -0.081175, 0.000000, 1.142857, 0.729167, 4
64, -0.231624, -0.094077, 0.000000, 1.142857, 0.729167, 4
65, -0.226089, -0.106694, 0.000000, 1.142857, 0.729167, 4
66, -0.219868, -0.118987, 0.000000, 1.142857, 0.729167, 4
67, -0.212980, -0.130918, 0.000000, 1.142857, 0.729167, 4
68, -0.205444, -0.142452, 0.000000, 1.142857, 0.729167, 4
69, -0.197285, -0.153553, 0.000000, 1.142857, 0.729167, 4
70, -0.188527, -0.164188, 0.000000, 1.142857, 0.729167, 4
71, -0.179196, -0.174324, 0.000000, 1.142857, 0.729167, 4
72, -0.169320, -0.183931, 0.000000, 1.142857, 0.729167, 4
73, -0.158931, -0.192979, 0.000000, 1.142857, 0.729167, 4
74, -0.148059, -0.201441, 0.000000, 1.142857, 0.729167, 4
75, -0.136737, -0.209292, 0.000000, 1.142857, 0.729167, 4
76, -0.125000, -0.216506, 0.000000, 1.142857, 0.729167, 3
77, -0.112883, -0.223064, 0.000000, 1.142857, 0.729167, 4
78, -0.100424, -0.228943, 0.000000, 1.142857, 0.729167, 4
79, -0.087659, -0.234128, 0.000000, 1.142857, 0.729167, 4
80, -0.074629, -0.238601, 0.000000, 1.142857, 0.729167, 4
81, -0.061371, -0.242350, 0.000000, 1.142857, 0.729167, 4
82, -0.047928, -0.245363, 0.000000, 1.142857, 0.729167, 4
83, -0.034338, -0.247631, 0.000000, 1.142857, 0.729167, 4
84, -0.020645, -0.249146, 0.000000, 1.142857, 0.729167, 4
85, -0.006889, -0.249905, 0.000000, 1.142857, 0.729167, 4
86, 0.006889, -0.249905, 0.000000, 1.142857, 0.729167, 4
87, 0.020645, -0.249146, 0.000000, 1.142857, 0.729167, 4
88, 0.034338, -0.247631, 0.000000, 1.142857, 0.729167, 4
89, 0.047928, -0.245363, 0.000000, 1.142857, 0.729167, 4
90, 0.061371, -0.242350, 0.000000, 1.142857, 0.729167, 4
91, 0.074629, -0.238601, 0.000000, 1.142857, 0.729167, 4
92, 0.087659, -0.234128, 0.000000, 1.142857, 0.729167, 4
93, 0.100424, -0.228943, 0.000000, 1.142857, 0.729167, 4
94, 0.112883, -0.223064, 0.000000, 1.142857, 0.729167, 4
95, 0.125000, -0.216506, 0.000000, 1.142857, 0.729167, 3
96, 0.136737, -0.209292, 0.000000, 1.142857, 0.729167, 4
97, 0.148059, -0.201441, 0.000000, 1.142857, 0.729167, 4
98, 0.158931, -0.192979, 0.000000, 1.142857, 0.729167, 4
99, 0.169320, -0.183931, 0.000000, 1.142857, 0.729167, 4
100, 0.179196, -0.174324, 0.000000, 1.142857, 0.729167, 4
101, 0.188527, -0.164188, 0.000000, 1.142857, 0.729167, 4
102, 0.197285, -0.153553, 0.000000, 1.142857, 0.729167, 4
103, 0.205444, -0.142452, 0.000000, 1.142857, 0.729167, 4
104, 0.212980, -0.130918, 0.000000, 1.142857, 0.729167, 4
105, 0.219868, -0.118987, 0.000000, 1.142857, 0.729167, 4
106, 0.226089, -0.106694, 0.000000, 1.142857, 0.729167, 4
107, 0.231624, -0.094077, 0.000000, 1.142857, 0.729167, 4
108, 0.236454, -0.081175, 0.000000, 1.142857, 0.729167, 4
109, 0.240567, -0.068026, 0.000000, 1.142857, 0.729167, 4
110, 0.243949, -0.054670, 0.000000, 1.142857, 0.729167, 4
111, 0.246590, -0.041149, 0.000000, 1.142857, 0.729167, 4
112, 0.248483, -0.027502, 0.000000, 1.142857, 0.729167, 4
113, 0.249620, -0.013772, 0.000000, 1.142857, 0.729167, 4
114, 0.249146, 0.000000, 0.020645, 1.145704, 0.718179, 6
115, 0.248725, 0.014487, 0.020645, 1.135942, 0.723897, 6
116, 0.247461, 0.028924, 0.020645, 1.136518, 0.736486, 6
117, 0.245361, 0.043264, 0.020645, 1.138503, 0.728120, 6
118, 0.242430, 0.057457, 0.020645, 1.152487, 0.732426, 6
119, 0.238679, 0.071456, 0.020645, 1.136903, 0.735719, 6
120, 0.234121, 0.085213, 0.020645, 1.142835, 0.722901, 6
121, 0.228770, 0.098682, 0.020645, 1.145739, 0.734747, 6
122, 0.222645, 0.111817, 0.020645, 1.144977, 0.737282, 6
123, 0.215767, 0.124573, 0.020645, 1.152771, 0.733218, 6
124, 0.208159, 0.136908, 0.020645, 1.150638, 0.727732, 6
125, 0.199846, 0.148780, 0.020645, 1.137142, 0.733545, 6
126, 0.190857, 0.160148, 0.020645, 1.138949, 0.738741, 6
127, 0.181222, 0.170974, 0.020645, 1.141090, 0.730876, 6
128, 0.170974, 0.181222, 0.020645, 1.145747, 0.731540, 6
129, 0.160148, 0.190857, 0.020645, 1.149316, 0.718639, 6
130, 0.148780, 0.199846, 0.020645, 1.147346, 0.735774, 6
131, 0.136908, 0.208159, 0.020645, 1.136523, 0.727502, 6
132, 0.124573, 0.215767, 0.020645, 1.141546, 0.731707, 6
133, 0.111817, 0.222645, 0.020645, 1.142389, 0.735119, 6
134, 0.098682, 0.228770, 0.020645, 1.149480, 0.726563, 6
135, 0.085213, 0.234121, 0.020645, 1.143054, 0.730812, 6
136, 0.071456, 0.238679, 0.020645, 1.151405, 0.732636, 6
137, 0.057457, 0.242430, 0.020645, 1.137857, 0.729375, 6
138, 0.043264, 0.245361, 0.020645, 1.146621, 0.716594, 6
139, 0.028924, 0.247461, 0.020645, 1.136487, 0.729157, 6
140, 0.014487, 0.248725, 0.020645, 1.141701, 0.716461, 6
141, 0.000000, 0.249146, 0.020645, 1.134546, 0.739248, 6
142, -0.014487, 0.248725, 0.020645, 1.151496, 0.737540, 6
143, -0.028924, 0.247461, 0.020645, 1.141878, 0.720633, 6
144, -0.043264, 0.245361, 0.020645, 1.136283, 0.732874, 6
145, -0.057457, 0.242430, 0.020645, 1.140309, 0.733760, 6
146, -0.071456, 0.238679, 0.020645, 1.149366, 0.731971, 6
147, -0.085213, 0.234121, 0.020645, 1.153475, 0.719576, 6
148, -0.098682, 0.228770, 0.020645, 1.136160, 0.733049, 6
149, -0.111817, 0.222645, 0.020645, 1.145713, 0.719668, 6
150, -0.124573, 0.215767, 0.020645, 1.148693, 0.718521, 6
151, -0.136908, 0.208159, 0.020645, 1.151493, 0.725395, 6
152, -0.148780, 0.199846, 0.020645, 1.148313, 0.736002, 6
153, -0.160148, 0.190857, 0.020645, 1.150281, 0.733850, 6
154, -0.170974, 0.181222, 0.020645, 1.151708, 0.737790, 6
155, -0.181222, 0.170974, 0.020645, 1.150372, 0.730785, 6
156, -0.190857, 0.160148, 0.020645, 1.137852, 0.726034, 6
157, -0.199846, 0.148780, 0.020645, 1.140238, 0.722293, 6
158, -0.208159, 0.136908, 0.020645, 1.137098, 0.726101, 6
159, -0.215767, 0.124573, 0.020645, 1.137883, 0.727459, 6
160, -0.222645, 0.111817, 0.020645, 1.139347, 0.740410, 6
161, -0.228770, 0.098682, 0.020645, 1.149528, 0.724972, 6
162, -0.234121, 0.085213, 0.020645, 1.149370, 0.730842, 6
163, -0.238679, 0.071456, 0.020645, 1.144238, 0.717913, 6
164, -0.242430, 0.057457, 0.020645, 1.149063, 0.738969, 6
165, -0.245361, 0.043264, 0.020645, 1.145555, 0.737959, 6
166, -0.247461, 0.028924, 0.020645, 1.139724, 0.718226, 6
167, -0.248725, 0.014487, 0.020645, 1.147336, 0.721773, 6
168, -0.249146, 0.000000, 0.020645, 1.143540, 0.734476, 6
169, -0.248725, -0.014487, 0.020645, 1.134051, 0.736112, 6
170, -0.247461, -0.028924, 0.020645, 1.149312, 0.728770, 6
171, -0.245361, -0.043264, 0.020645, 1.135023, 0.719075, 6
172, -0.242430, -0.057457, 0.020645, 1.145415, 0.730422, 6
173, -0.238679, -0.071456, 0.020645, 1.146354, 0.739464, 6
174, -0.234121, -0.085213, 0.020645, 1.136018, 0.734472, 6
175, -0.228770, -0.098682, 0.020645, 1.140832, 0.733209, 6
176, -0.222645, -0.111817, 0.020645, 1.140378, 0.732914, 6
177, -0.215767, -0.124573, 0.020645, 1.135436, 0.729616, 6
178, -0.208159, -0.136908, 0.020645, 1.147495, 0.732210, 6
179, -0.199846, -0.148780, 0.020645, 1.136074, 0.721644, 6
180, -0.190857, -0.160148, 0.020645, 1.144330, 0.740608, 6
181, -0.181222, -0.170974, 0.020645, 1.148619, 0.738565, 6
182, -0.170974, -0.181222, 0.020645, 1.133677, 0.733141, 6
183, -0.160148, -0.190857, 0.020645, 1.141468, 0.725091, 6
184, -0.148780, -0.199846, 0.020645, 1.145011, 0.729333, 6
185, -0.136908, -0.208159, 0.020645, 1.143451, 0.735653, 6
186, -0.124573, -0.215767, 0.020645, 1.140245, 0.725749, 6
187, -0.111817, -0.222645, 0.020645, 1.141797, 0.720299, 6
188, -0.098682, -0.228770, 0.020645, 1.138596, 0.742016, 6
189, -0.085213, -0.234121, 0.020645, 1.143549, 0.735724, 6
190, -0.071456, -0.238679, 0.020645, 1.140508, 0.719076, 6
191, -0.057457, -0.242430, 0.020645, 1.138342, 0.722226, 6
192, -0.043264, -0.245361, 0.020645, 1.149029, 0.738486, 6
193, -0.028924, -0.247461, 0.020645, 1.144016, 0.732156, 6
194, -0.014487, -0.248725, 0.020645, 1.142165, 0.739641, 6
195, -0.000000, -0.249146, 0.020645, 1.147028, 0.725021, 6
196, 0.014487, -0.248725, 0.020645, 1.137169, 0.732345, 6
197, 0.028924, -0.247461, 0.020645, 1.145868, 0.725288, 6
198, 0.043264, -0.245361, 0.020645, 1.146814, 0.735217, 6
199, 0.057457, -0.242430, 0.020645, 1.143063, 0.724610, 6
200, 0.071456, -0.238679, 0.020645, 1.136024, 0.728115, 6
201, 0.085213, -0.234121, 0.020645, 1.139961, 0.728109, 6
202, 0.098682, -0.228770, 0.020645, 1.148409, 0.727458, 6
203, 0.111817, -0.222645, 0.020645, 1.142801, 0.724097, 6
204, 0.124573, -0.215767, 0.020645, 1.136426, 0.732425, 6
205, 0.136908, -0.208159, 0.020645, 1.143077, 0.717616, 6
206, 0.148780, -0.199846, 0.020645, 1.143693, 0.720020, 6
207, 0.160148, -0.190857, 0.020645, 1.134832, 0.730985, 6
208, 0.170974, -0.181222, 0.020645, 1.134824, 0.721038, 6
209, 0.181222, -0.170974, 0.020645, 1.145071, 0.735599, 6
210, 0.190857, -0.160148, 0.020645, 1.143242, 0.734504, 6
211, 0.199846, -0.148780, 0.020645, 1.152155, 0.731740, 6
212, 0.208159, -0.136908, 0.020645, 1.141282, 0.717243, 6
213, 0.215767, -0.124573, 0.020645, 1.144763, 0.721175, 6
214, 0.222645, -0.111817, 0.020645, 1.150263, 0.738985, 6
215, 0.228770, -0.098682, 0.020645, 1.146137, 0.718508, 6
216, 0.234121, -0.085213, 0.020645, 1.143972, 0.720442, 6
217, 0.238679, -0.071456, 0.020645, 1.142833, 0.726229, 6
218, 0.242430, -0.057457, 0.020645, 1.136332, 0.733246, 6
219, 0.245361, -0.043264, 0.020645, 1.144332, 0.720453, 6
220, 0.247461, -0.028924, 0.020645, 1.149838, 0.727811, 6
221, 0.248725, -0.014487, 0.020645, 1.153630, 0.730510, 6
222, 0.246590, 0.000000, 0.041149, 1.154730, 0.719986, 6
223, 0.246123, 0.015180, 0.041149, 1.152521, 0.727535, 6
224, 0.244721, 0.030303, 0.041149, 1.140685, 0.732566, 6
225, 0.242392, 0.045311, 0.041149, 1.138200, 0.718446, 6
226, 0.239143, 0.060147, 0.041149, 1.144121, 0.726700, 6
227, 0.234986, 0.074755, 0.041149, 1.152156, 0.738268, 6
228, 0.229939, 0.089079, 0.041149, 1.141147, 0.722469, 6
229, 0.224019, 0.103065, 0.041149, 1.144083, 0.728045, 6
230, 0.217249, 0.116660, 0.041149, 1.152033, 0.731465, 6
231, 0.209655, 0.129813, 0.041149, 1.146218, 0.718617, 6
232, 0.201266, 0.142473, 0.041149, 1.138651, 0.728144, 6
233, 0.192114, 0.154593, 0.041149, 1.142730, 0.720673, 6
234, 0.182232, 0.166127, 0.041149, 1.152236, 0.724673, 6
235, 0.171660, 0.177030, 0.041149, 1.152751, 0.720902, 6
236, 0.160436, 0.187262, 0.041149, 1.139672, 0.735448, 6
237, 0.148604, 0.196783, 0.041149, 1.142618, 0.722437, 6
238, 0.136208, 0.205558, 0.041149, 1.153116, 0.717106, 6
239, 0.123295, 0.213553, 0.041149, 1.145753, 0.739027, 6
240, 0.109915, 0.220739, 0.041149, 1.147981, 0.719496, 6
241, 0.096117, 0.227086, 0.041149, 1.151804, 0.726633, 6
242, 0.081955, 0.232573, 0.041149, 1.152940, 0.735151, 6
243, 0.067483, 0.237177, 0.041149, 1.149224, 0.735540, 6
244, 0.052754, 0.240881, 0.041149, 1.137741, 0.727902, 6
245, 0.037825, 0.243672, 0.041149, 1.152375, 0.719013, 6
246, 0.022752, 0.245538, 0.041149, 1.153458, 0.719927, 6
247, 0.007594, 0.246473, 0.041149, 1.150027, 0.725830, 6
248, -0.007594, 0.246473, 0.041149, 1.152132, 0.729748, 6
249, -0.022752, 0.245538, 0.041149, 1.147172, 0.723662, 6
250, -0.037825, 0.243672, 0.041149, 1.150221, 0.738053, 6
251, -0.052754, 0.240881, 0.041149, 1.144463, 0.726441, 6
252, -0.067483, 0.237177, 0.041149, 1.137804, 0.738631, 6
253, -0.081955, 0.232573, 0.041149, 1.142562, 0.717690, 6
254, -0.096117, 0.227086, 0.041149, 1.141548, 0.724257, 6
255, -0.109915, 0.220739, 0.041149, 1.145182, 0.727017, 6
256, -0.123295, 0.213553, 0.041149, 1.150872, 0.733223, 6
257, -0.136208, 0.205558, 0.041149, 1.137125, 0.733188, 6
258, -0.148604, 0.196783, 0.041149, 1.148816, 0.723153, 6
259, -0.160436, 0.187262, 0.041149, 1.154071, 0.728596, 6
260, -0.171660, 0.177030, 0.041149, 1.135632, 0.733851, 6
261, -0.182232, 0.166127, 0.041149, 1.149404, 0.720262, 6
262, -0.192114, 0.154593, 0.041149, 1.150353, 0.721483, 6
263, -0.201266, 0.142473, 0.041149, 1.135745, 0.718677, 6
264, -0.209655, 0.129813, 0.041149, 1.152460, 0.727623, 6
265, -0.217249, 0.116660, 0.041149, 1.134592, 0.722689, 6
266, -0.224019, 0.103065, 0.041149, 1.139937, 0.733190, 6
267, -0.229939, 0.089079, 0.041149, 1.136161, 0.726394, 6
268, -0.234986, 0.074755, 0.041149, 1.151690, 0.724881, 6
269, -0.239143, 0.060147, 0.041149, 1.139503, 0.731889, 6
270, -0.242392, 0.045311, 0.041149, 1.144166, 0.718715, 6
271, -0.244721, 0.030303, 0.041149, 1.147856, 0.722392, 6
272, -0.246123, 0.015180, 0.041149, 1.133215, 0.723032, 6
273, -0.246590, 0.000000, 0.041149, 1.146269, 0.735681, 6
274, -0.246123, -0.015180, 0.041149, 1.135430, 0.731382, 6
275, -0.244721, -0.030303, 0.041149, 1.135306, 0.723181, 6
276, -0.242392, -0.045311, 0.041149, 1.131888, 0.729798, 6
277, -0.239143, -0.060147, 0.041149, 1.134783, 0.735677, 6
278, -0.234986, -0.074755, 0.041149, 1.144396, 0.721642, 6
279, -0.229939, -0.089079, 0.041149, 1.138679, 0.724519, 6
280, -0.224019, -0.103065, 0.041149, 1.135254, 0.739099, 6
281, -0.217249, -0.116660, 0.041149, 1.132161, 0.737552, 6
282, -0.209655, -0.129813, 0.041149, 1.146633, 0.734202, 6
283, -0.201266, -0.142473, 0.041149, 1.132431, 0.723677, 6
284, -0.192114, -0.154593, 0.041149, 1.133502, 0.736005, 6
285, -0.182232, -0.166127, 0.041149, 1.142685, 0.731211, 6
286, -0.171660, -0.177030, 0.041149, 1.144560, 0.722042, 6
287, -0.160436, -0.187262, 0.041149, 1.141484, 0.734873, 6
288, -0.148604, -0.196783, 0.041149, 1.143816, 0.738332, 6
289, -0.136208, -0.205558, 0.041149, 1.132350, 0.730150, 6
290, -0.123295, -0.213553, 0.041149, 1.145377, 0.719974, 6
291, -0.109915, -0.220739, 0.041149, 1.139035, 0.735990, 6
292, -0.096117, -0.227086, 0.041149, 1.147233, 0.737275, 6
293, -0.081955, -0.232573, 0.041149, 1.143629, 0.722116, 6
294, -0.067483, -0.237177, 0.041149, 1.134706, 0.720995, 6
295, -0.052754, -0.240881, 0.041149, 1.133999, 0.735097, 6
296, -0.037825, -0.243672, 0.041149, 1.137369, 0.730264, 6
297, -0.022752, -0.245538, 0.041149, 1.132892, 0.733927, 6
298, -0.007594, -0.246473, 0.041149, 1.131422, 0.721032, 6
299, 0.007594, -0.246473, 0.041149, 1.146115, 0.735495, 6
300, 0.022752, -0.245538, 0.041149, 1.133233, 0.722987, 6
301, 0.037825, -0.243672, 0.041149, 1.147779, 0.736757, 6
302, 0.052754, -0.240881, 0.041149, 1.135663, 0.725147, 6
303, 0.067483, -0.237177, 0.041149, 1.140747, 0.725949, 6
304, 0.081955, -0.232573, 0.041149, 1.137796, 0.717842, 6
305, 0.096117, -0.227086, 0.041149, 1.145780, 0.722766, 6
306, 0.109915, -0.220739, 0.041149, 1.135161, 0.729170, 6
307, 0.123295, -0.213553, 0.041149, 1.142206, 0.723100, 6
308, 0.136208, -0.205558, 0.041149, 1.143673, 0.723591, 6
309, 0.148604, -0.196783, 0.041149, 1.149001, 0.717986, 6
310, 0.160436, -0.187262, 0.041149, 1.146696, 0.725770, 6
311, 0.171660, -0.177030, 0.041149, 1.138725, 0.731850, 6
312, 0.182232, -0.166127, 0.041149, 1.147261, 0.736420, 6
313, 0.192114, -0.154593, 0.041149, 1.140611, 0.719857, 6
314, 0.201266, -0.142473, 0.041149, 1.144097, 0.722170, 6
315, 0.209655, -0.129813, 0.041149, 1.152730, 0.729749, 6
316, 0.217249, -0.116660, 0.041149, 1.150128, 0.733117, 6
317, 0.224019, -0.103065, 0.041149, 1.140889, 0.734808, 6
318, 0.229939, -0.089079, 0.041149, 1.141965, 0.734287, 6
319, 0.234986, -0.074755, 0.041149, 1.154509, 0.719276, 6
320, 0.239143, -0.060147, 0.041149, 1.138116, 0.728965, 6
321, 0.242392, -0.045311, 0.041149, 1.152573, 0.728559, 6
322, 0.244721, -0.030303, 0.041149, 1.143688, 0.735833, 6
323, 0.246123, -0.015180, 0.041149, 1.152652, 0.720972, 6
324, 0.242350, 0.000000, 0.061371, 1.147999, 0.730858, 6
325, 0.241831, 0.015850, 0.061371, 1.156508, 0.726918, 6
326, 0.240277, 0.031633, 0.061371, 1.142429, 0.723807, 6
327, 0.237693, 0.047280, 0.061371, 1.140932, 0.735223, 6
328, 0.234092, 0.062725, 0.061371, 1.149667, 0.726318, 6
329, 0.229489, 0.077901, 0.061371, 1.149464, 0.736526, 6
330, 0.223902, 0.092743, 0.061371, 1.150336, 0.724844, 6
331, 0.217357, 0.107189, 0.061371, 1.149081, 0.722461, 6
332, 0.209881, 0.121175, 0.061371, 1.153575, 0.728296, 6
333, 0.201507, 0.134642, 0.061371, 1.146267, 0.723293, 6
334, 0.192269, 0.147533, 0.061371, 1.145463, 0.736102, 6
335, 0.182208, 0.159793, 0.061371, 1.151358, 0.716634, 6
336, 0.171367, 0.171367, 0.061371, 1.143700, 0.718663, 6
337, 0.159793, 0.182208, 0.061371, 1.136712, 0.737828, 6
338, 0.147533, 0.192269, 0.061371, 1.151391, 0.721344, 6
339, 0.134642, 0.201507, 0.061371, 1.139351, 0.736556, 6
340, 0.121175, 0.209881, 0.061371, 1.143955, 0.728498, 6
341, 0.107189, 0.217357, 0.061371, 1.145319, 0.719419, 6
342, 0.092743, 0.223902, 0.061371, 1.138027, 0.737320, 6
343, 0.077901, 0.229489, 0.061371, 1.141377, 0.737831, 6
344, 0.062725, 0.234092, 0.061371, 1.137860, 0.738636, 6
345, 0.047280, 0.237693, 0.061371, 1.150379, 0.724770, 6
346, 0.031633, 0.240277, 0.061371, 1.149617, 0.725016, 6
347, 0.015850, 0.241831, 0.061371, 1.138412, 0.719707, 6
348, 0.000000, 0.242350, 0.061371, 1.144561, 0.717891, 6
349, -0.015850, 0.241831, 0.061371, 1.138041, 0.724410, 6
350, -0.031633, 0.240277, 0.061371, 1.148689, 0.719419, 6
351, -0.047280, 0.237693, 0.061371, 1.147799, 0.737123, 6
352, -0.062725, 0.234092, 0.061371, 1.142170, 0.735015, 6
353, -0.077901, 0.229489, 0.061371, 1.140599, 0.733902, 6
354, -0.092743, 0.223902, 0.061371, 1.149547, 0.727538, 6
355, -0.107189, 0.217357, 0.061371, 1.150046, 0.736197, 6
356, -0.121175, 0.209881, 0.061371, 1.144797, 0.723957, 6
357, -0.134642, 0.201507, 0.061371, 1.139723, 0.728297, 6
358, -0.147533, 0.192269, 0.061371, 1.140111, 0.732047, 6
359, -0.159793, 0.182208, 0.061371, 1.146127, 0.739747, 6
360, -0.171367, 0.171367, 0.061371, 1.137632, 0.718785, 6
361, -0.182208, 0.159793, 0.061371, 1.149106, 0.726118, 6
362, -0.192269, 0.147533, 0.061371, 1.139172, 0.733042, 6
363, -0.201507, 0.134642, 0.061371, 1.141348, 0.728686, 6
364, -0.209881, 0.121175, 0.061371, 1.150647, 0.735307, 6
365, -0.217357, 0.107189, 0.061371, 1.151492, 0.734342, 6
366, -0.223902, 0.092743, 0.061371, 1.135769, 0.723628, 6
367, -0.229489, 0.077901, 0.061371, 1.143845, 0.733630, 6
368, -0.234092, 0.062725, 0.061371, 1.144845, 0.719845, 6
369, -0.237693, 0.047280, 0.061371, 1.148588, 0.723138, 6
370, -0.240277, 0.031633, 0.061371, 1.138402, 0.726759, 6
371, -0.241831, 0.015850, 0.061371, 1.137936, 0.738567, 6
372, -0.242350, 0.000000, 0.061371, 1.137882, 0.735275, 6
373, -0.241831, -0.015850, 0.061371, 1.131013, 0.734928, 6
374, -0.240277, -0.031633, 0.061371, 1.145105, 0.728578, 6
375, -0.237693, -0.047280, 0.061371, 1.146572, 0.721791, 6
376, -0.234092, -0.062725, 0.061371, 1.139118, 0.737821, 6
377, -0.229489, -0.077901, 0.061371, 1.133293, 0.721624, 6
378, -0.223902, -0.092743, 0.061371, 1.141200, 0.725472, 6
379, -0.217357, -0.107189, 0.061371, 1.132547, 0.726451, 6
380, -0.209881, -0.121175, 0.061371, 1.144566, 0.719798, 6
381, -0.201507, -0.134642, 0.061371, 1.136225, 0.722705, 6
382, -0.192269, -0.147533, 0.061371, 1.137852, 0.729833, 6
383, -0.182208, -0.159793, 0.061371, 1.142877, 0.731674, 6
384, -0.171367, -0.171367, 0.061371, 1.137213, 0.738662, 6
385, -0.159793, -0.182208, 0.061371, 1.137091, 0.725885, 6
386, -0.147533, -0.192269, 0.061371, 1.139721, 0.719636, 6
387, -0.134642, -0.201507, 0.061371, 1.140743, 0.733504, 6
388, -0.121175, -0.209881, 0.061371, 1.132474, 0.723941, 6
389, -0.107189, -0.217357, 0.061371, 1.136101, 0.723545, 6
390, -0.092743, -0.223902, 0.061371, 1.133587, 0.728820, 6
391, -0.077901, -0.229489, 0.061371, 1.132965, 0.725291, 6
392, -0.062725, -0.234092, 0.061371, 1.139109, 0.731744, 6
393, -0.047280, -0.237693, 0.061371, 1.129387, 0.730644, 6
394, -0.031633, -0.240277, 0.061371, 1.145496, 0.722516, 6
395, -0.015850, -0.241831, 0.061371, 1.139233, 0.725219, 6
396, -0.000000, -0.242350, 0.061371, 1.147251, 0.734075, 6
397, 0.015850, -0.241831, 0.061371, 1.145917, 0.736719, 6
398, 0.031633, -0.240277, 0.061371, 1.130884, 0.718433, 6
399, 0.047280, -0.237693, 0.061371, 1.134062, 0.731255, 6
400, 0.062725, -0.234092, 0.061371, 1.134246, 0.728051, 6
401, 0.077901, -0.229489, 0.061371, 1.147157, 0.734583, 6
402, 0.092743, -0.223902, 0.061371, 1.133879, 0.735442, 6
403, 0.107189, -0.217357, 0.061371, 1.149939, 0.736685, 6
404, 0.121175, -0.209881, 0.061371, 1.135928, 0.723313, 6
405, 0.134642, -0.201507, 0.061371, 1.139408, 0.727343, 6
406, 0.147533, -0.192269, 0.061371, 1.149810, 0.740162, 6
407, 0.159793, -0.182208, 0.061371, 1.153010, 0.736602, 6
408, 0.171367, -0.171367, 0.061371, 1.140828, 0.727892, 6
409, 0.182208, -0.159793, 0.061371, 1.151078, 0.739850, 6
410, 0.192269, -0.147533, 0.061371, 1.151770, 0.726265, 6
411, 0.201507, -0.134642, 0.061371, 1.145730, 0.737776, 6
412, 0.209881, -0.121175, 0.061371, 1.139067, 0.736524, 6
413, 0.217357, -0.107189, 0.061371, 1.144515, 0.734192, 6
414, 0.223902, -0.092743, 0.061371, 1.154010, 0.718882, 6
415, 0.229489, -0.077901, 0.061371, 1.139020, 0.721667, 6
416, 0.234092, -0.062725, 0.061371, 1.152115, 0.718074, 6
417, 0.237693, -0.047280, 0.061371, 1.155129, 0.727373, 6
418, 0.240277, -0.031633, 0.061371, 1.151460, 0.717818, 6
419, 0.241831, -0.015850, 0.061371, 1.157342, 0.718008, 6
420, 0.236454, 0.000000, 0.081175, 1.151371, 0.719306, 6
421, 0.235878, 0.016494, 0.081175, 1.148918, 0.723641, 6
422, 0.234153, 0.032908, 0.081175, 1.151781, 0.721481, 6
423, 0.231287, 0.049162, 0.081175, 1.142836, 0.735831, 6
424, 0.227294, 0.065176, 0.081175, 1.146277, 0.727639, 6
425, 0.222194, 0.080872, 0.081175, 1.157666, 0.730838, 6
426, 0.216012, 0.096175, 0.081175, 1.142755, 0.716978, 6
427, 0.208777, 0.111009, 0.081175, 1.152986, 0.726153, 6
428, 0.200525, 0.125302, 0.081175, 1.146091, 0.722765, 6
429, 0.191296, 0.138984, 0.081175, 1.141596, 0.728205, 6
430, 0.181135, 0.151990, 0.081175, 1.148395, 0.731464, 6
431, 0.170091, 0.164255, 0.081175, 1.147639, 0.735835, 6
432, 0.158219, 0.175720, 0.081175, 1.150757, 0.725055, 6
433, 0.145576, 0.186329, 0.081175, 1.140139, 0.734191, 6
434, 0.132224, 0.196030, 0.081175, 1.148226, 0.718898, 6
435, 0.118227, 0.204775, 0.081175, 1.142054, 0.723485, 6
436, 0.103655, 0.212524, 0.081175, 1.145338, 0.716619, 6
437, 0.088577, 0.219237, 0.081175, 1.139966, 0.716460, 6
438, 0.073068, 0.224881, 0.081175, 1.151625, 0.735601, 6
439, 0.057203, 0.229431, 0.081175, 1.141793, 0.718023, 6
440, 0.041060, 0.232862, 0.081175, 1.143274, 0.730124, 6
441, 0.024716, 0.235159, 0.081175, 1.149013, 0.719881, 6
442, 0.008252, 0.236310, 0.081175, 1.148838, 0.732648, 6
443, -0.008252, 0.236310, 0.081175, 1.153144, 0.717858, 6
444, -0.024716, 0.235159, 0.081175, 1.142894, 0.735855, 6
445, -0.041060, 0.232862, 0.081175, 1.142135, 0.733247, 6
446, -0.057203, 0.229431, 0.081175, 1.154655, 0.719897, 6
447, -0.073068, 0.224881, 0.081175, 1.145462, 0.718520, 6
448, -0.088577, 0.219237, 0.081175, 1.140025, 0.732574, 6
449, -0.103655, 0.212524, 0.081175, 1.145247, 0.716946, 6
450, -0.118227, 0.204775, 0.081175, 1.146537, 0.724175, 6
451, -0.132224, 0.196030, 0.081175, 1.146108, 0.725758, 6
452, -0.145576, 0.186329, 0.081175, 1.153331, 0.722847, 6
453, -0.158219, 0.175720, 0.081175, 1.140699, 0.735692, 6
454, -0.170091, 0.164255, 0.081175, 1.152285, 0.723170, 6
455, -0.181135, 0.151990, 0.081175, 1.149510, 0.717380, 6
456, -0.191296, 0.138984, 0.081175, 1.143016, 0.725651, 6
457, -0.200525, 0.125302, 0.081175, 1.142590, 0.718502, 6
458, -0.208777, 0.111009, 0.081175, 1.148173, 0.725029, 6
459, -0.216012, 0.096175, 0.081175, 1.147678, 0.721552, 6
460, -0.222194, 0.080872, 0.081175, 1.140393, 0.733386, 6
461, -0.227294, 0.065176, 0.081175, 1.146062, 0.723737, 6
462, -0.231287, 0.049162, 0.081175, 1.143463, 0.736119, 6
463, -0.234153, 0.032908, 0.081175, 1.141247, 0.725796, 6
464, -0.235878, 0.016494, 0.081175, 1.135050, 0.727192, 6
465, -0.236454, 0.000000, 0.081175, 1.134752, 0.722727, 6
466, -0.235878, -0.016494, 0.081175, 1.139045, 0.722345, 6
467, -0.234153, -0.032908, 0.081175, 1.140731, 0.734003, 6
468, -0.231287, -0.049162, 0.081175, 1.140890, 0.738195, 6
469, -0.227294, -0.065176, 0.081175, 1.127461, 0.722730, 6
470, -0.222194, -0.080872, 0.081175, 1.136153, 0.724696, 6
471, -0.216012, -0.096175, 0.081175, 1.142987, 0.735469, 6
472, -0.208777, -0.111009, 0.081175, 1.135385, 0.731661, 6
473, -0.200525, -0.125302, 0.081175, 1.139413, 0.736246, 6
474, -0.191296, -0.138984, 0.081175, 1.125475, 0.719306, 6
475, -0.181135, -0.151990, 0.081175, 1.138882, 0.726726, 6
476, -0.170091, -0.164255, 0.081175, 1.135768, 0.733569, 6
477, -0.158219, -0.175720, 0.081175, 1.131089, 0.736234, 6
478, -0.145576, -0.186329, 0.081175, 1.143239, 0.733394, 6
479, -0.132224, -0.196030, 0.081175, 1.143436, 0.723765, 6
480, -0.118227, -0.204775, 0.081175, 1.135915, 0.723607, 6
481, -0.103655, -0.212524, 0.081175, 1.134429, 0.736466, 6
482, -0.088577, -0.219237, 0.081175, 1.127677, 0.742139, 6
483, -0.073068, -0.224881, 0.081175, 1.132420, 0.722562, 6
484, -0.057203, -0.229431, 0.081175, 1.130780, 0.736023, 6
485, -0.041060, -0.232862, 0.081175, 1.136262, 0.739470, 6
486, -0.024716, -0.235159, 0.081175, 1.134624, 0.741925, 6
487, -0.008252, -0.236310, 0.081175, 1.138762, 0.730898, 6
488, 0.008252, -0.236310, 0.081175, 1.128641, 0.740006, 6
489, 0.024716, -0.235159, 0.081175, 1.142975, 0.734275, 6
490, 0.041060, -0.232862, 0.081175, 1.148441, 0.720090, 6
491, 0.057203, -0.229431, 0.081175, 1.139855, 0.739006, 6
492, 0.073068, -0.224881, 0.081175, 1.135094, 0.740925, 6
493, 0.088577, -0.219237, 0.081175, 1.141705, 0.721862, 6
494, 0.103655, -0.212524, 0.081175, 1.144996, 0.738817, 6
495, 0.118227, -0.204775, 0.081175, 1.151794, 0.739229, 6
496, 0.132224, -0.196030, 0.081175, 1.150592, 0.730624, 6
497, 0.145576, -0.186329, 0.081175, 1.152845, 0.726910, 6
498, 0.158219, -0.175720, 0.081175, 1.147974, 0.738769, 6
499, 0.170091, -0.164255, 0.081175, 1.152080, 0.723282, 6
500, 0.181135, -0.151990, 0.081175, 1.152439, 0.738888, 6
501, 0.191296, -0.138984, 0.081175, 1.157112, 0.730514, 6
502, 0.200525, -0.125302, 0.081175, 1.142378, 0.723554, 6
503, 0.208777, -0.111009, 0.081175, 1.158308, 0.719304, 6
504, 0.216012, -0.096175, 0.081175, 1.140069, 0.729106, 6
505, 0.222194, -0.080872, 0.081175, 1.144134, 0.721683, 6
506, 0.227294, -0.065176, 0.081175, 1.149202, 0.731478, 6
507, 0.231287, -0.049162, 0.081175, 1.152367, 0.720082, 6
508, 0.234153, -0.032908, 0.081175, 1.148352, 0.737226, 6
509, 0.235878, -0.016494, 0.081175, 1.150666, 0.732953, 6
510, 0.228943, 0.000000, 0.100424, 1.150235, 0.730106, 6
511, 0.228303, 0.017109, 0.100424, 1.154691, 0.737472, 6
512, 0.226386, 0.034122, 0.100424, 1.145194, 0.738969, 6
513, 0.223203, 0.050945, 0.100424, 1.143934, 0.721225, 6
514, 0.218772, 0.067482, 0.100424, 1.141691, 0.738780, 6
515, 0.213117, 0.083642, 0.100424, 1.154391, 0.717571, 6
516, 0.206271, 0.099335, 0.100424, 1.147722, 0.737840, 6
517, 0.198271, 0.114472, 0.100424, 1.146980, 0.734370, 6
518, 0.189162, 0.128968, 0.100424, 1.144613, 0.726288, 6
519, 0.178995, 0.142744, 0.100424, 1.152487, 0.722096, 6
520, 0.167827, 0.155721, 0.100424, 1.145325, 0.736981, 6
521, 0.155721, 0.167827, 0.100424, 1.147483, 0.738893, 6
522, 0.142744, 0.178995, 0.100424, 1.154059, 0.719447, 6
523, 0.128968, 0.189162, 0.100424, 1.143076, 0.721898, 6
524, 0.114472, 0.198271, 0.100424, 1.153969, 0.732346, 6
525, 0.099335, 0.206271, 0.100424, 1.141453, 0.724804, 6
526, 0.083642, 0.213117, 0.100424, 1.142861, 0.731743, 6
527, 0.067482, 0.218772, 0.100424, 1.142803, 0.717718, 6
528, 0.050945, 0.223203, 0.100424, 1.141505, 0.721659, 6
529, 0.034122, 0.226386, 0.100424, 1.141896, 0.720171, 6
530, 0.017109, 0.228303, 0.100424, 1.145201, 0.734199, 6
531, 0.000000, 0.228943, 0.100424, 1.149486, 0.721014, 6
532, -0.017109, 0.228303, 0.100424, 1.139439, 0.733614, 6
533, -0.034122, 0.226386, 0.100424, 1.152611, 0.731135, 6
534, -0.050945, 0.223203, 0.100424, 1.143856, 0.718960, 6
535, -0.067482, 0.218772, 0.100424, 1.144029, 0.727543, 6
536, -0.083642, 0.213117, 0.100424, 1.146388, 0.721995, 6
537, -0.099335, 0.206271, 0.100424, 1.142476, 0.723971, 6
538, -0.114472, 0.198271, 0.100424, 1.143957, 0.732236, 6
539, -0.128968, 0.189162, 0.100424, 1.153055, 0.733671, 6
540, -0.142744, 0.178995, 0.100424, 1.143769, 0.728233, 6
541, -0.155721, 0.167827, 0.100424, 1.142301, 0.724013, 6
542, -0.167827, 0.155721, 0.100424, 1.140423, 0.730509, 6
543, -0.178995, 0.142744, 0.100424, 1.153824, 0.721772, 6
544, -0.189162, 0.128968, 0.100424, 1.139935, 0.723502, 6
545, -0.198271, 0.114472, 0.100424, 1.152794, 0.723665, 6
546, -0.206271, 0.099335, 0.100424, 1.138127, 0.724334, 6
547, -0.213117, 0.083642, 0.100424, 1.150735, 0.731522, 6
548, -0.218772, 0.067482, 0.100424, 1.139106, 0.731428, 6
549, -0.223203, 0.050945, 0.100424, 1.141970, 0.729390, 6
550, -0.226386, 0.034122, 0.100424, 1.148670, 0.735209, 6
551, -0.228303, 0.017109, 0.100424, 1.142568, 0.724373, 6
552, -0.228943, 0.000000, 0.100424, 1.132167, 0.729218, 6
553, -0.228303, -0.017109, 0.100424, 1.130762, 0.731883, 6
554, -0.226386, -0.034122, 0.100424, 1.144166, 0.738908, 6
555, -0.223203, -0.050945, 0.100424, 1.126803, 0.725682, 6
556, -0.218772, -0.067482, 0.100424, 1.133809, 0.741571, 6
557, -0.213117, -0.083642, 0.100424, 1.128669, 0.726687, 6
558, -0.206271, -0.099335, 0.100424, 1.140738, 0.725118, 6
559, -0.198271, -0.114472, 0.100424, 1.130296, 0.725367, 6
560, -0.189162, -0.128968, 0.100424, 1.132452, 0.735688, 6
561, -0.178995, -0.142744, 0.100424, 1.127572, 0.723723, 6
562, -0.167827, -0.155721, 0.100424, 1.128007, 0.729427, 6
563, -0.155721, -0.167827, 0.100424, 1.141571, 0.730084, 6
564, -0.142744, -0.178995, 0.100424, 1.138482, 0.724105, 6
565, -0.128968, -0.189162, 0.100424, 1.133041, 0.721760, 6
566, -0.114472, -0.198271, 0.100424, 1.128660, 0.738723, 6
567, -0.099335, -0.206271, 0.100424, 1.133392, 0.737554, 6
568, -0.083642, -0.213117, 0.100424, 1.135022, 0.730492, 6
569, -0.067482, -0.218772, 0.100424, 1.129367, 0.726524, 6
570, -0.050945, -0.223203, 0.100424, 1.141804, 0.738337, 6
571, -0.034122, -0.226386, 0.100424, 1.129531, 0.741864, 6
572, -0.017109, -0.228303, 0.100424, 1.129510, 0.732569, 6
573, -0.000000, -0.228943, 0.100424, 1.127565, 0.740541, 6
574, 0.017109, -0.228303, 0.100424, 1.144029, 0.734221, 6
575, 0.034122, -0.226386, 0.100424, 1.139298, 0.731500, 6
576, 0.050945, -0.223203, 0.100424, 1.133618, 0.718595, 6
577, 0.067482, -0.218772, 0.100424, 1.133289, 0.722103, 6
578, 0.083642, -0.213117, 0.100424, 1.133029, 0.722205, 6
579, 0.099335, -0.206271, 0.100424, 1.136474, 0.724027, 6
580, 0.114472, -0.198271, 0.100424, 1.149287, 0.723487, 6
581, 0.128968, -0.189162, 0.100424, 1.137303, 0.732160, 6
582, 0.142744, -0.178995, 0.100424, 1.155657, 0.728528, 6
583, 0.155721, -0.167827, 0.100424, 1.141286, 0.717619, 6
584, 0.167827, -0.155721, 0.100424, 1.151292, 0.733472, 6
585, 0.178995, -0.142744, 0.100424, 1.153997, 0.738744, 6
586, 0.189162, -0.128968, 0.100424, 1.151099, 0.726741, 6
587, 0.198271, -0.114472, 0.100424, 1.157826, 0.734642, 6
588, 0.206271, -0.099335, 0.100424, 1.142933, 0.717085, 6
589, 0.213117, -0.083642, 0.100424, 1.143453, 0.726782, 6
590, 0.218772, -0.067482, 0.100424, 1.152711, 0.717588, 6
591, 0.223203, -0.050945, 0.100424, 1.160032, 0.723083, 6
592, 0.226386, -0.034122, 0.100424, 1.157976, 0.716062, 6
593, 0.228303, -0.017109, 0.100424, 1.150668, 0.734704, 6
594, 0.219868, 0.000000, 0.118987, 1.148915, 0.736541, 6
595, 0.219155, 0.017692, 0.118987, 1.157246, 0.725608, 6
596, 0.217021, 0.035269, 0.118987, 1.160998, 0.723691, 6
597, 0.213479, 0.052618, 0.118987, 1.155403, 0.715687, 6
598, 0.208553, 0.069625, 0.118987, 1.156223, 0.731131, 6
599, 0.202274, 0.086181, 0.118987, 1.144171, 0.719691, 6
600, 0.194684, 0.102178, 0.118987, 1.142691, 0.725083, 6
601, 0.185831, 0.117512, 0.118987, 1.148569, 0.731088, 6
602, 0.175772, 0.132084, 0.118987, 1.150833, 0.731501, 6
603, 0.164574, 0.145800, 0.118987, 1.154399, 0.736022, 6
604, 0.152308, 0.158570, 0.118987, 1.153322, 0.728996, 6
605, 0.139055, 0.170311, 0.118987, 1.156503, 0.718932, 6
606, 0.124900, 0.180948, 0.118987, 1.142812, 0.737430, 6
607, 0.109934, 0.190412, 0.118987, 1.140316, 0.718360, 6
608, 0.094256, 0.198640, 0.118987, 1.151025, 0.735879, 6
609, 0.077966, 0.205581, 0.118987, 1.150456, 0.735099, 6
610, 0.061171, 0.211188, 0.118987, 1.147490, 0.728720, 6
611, 0.043979, 0.215425, 0.118987, 1.146102, 0.732428, 6
612, 0.026502, 0.218265, 0.118987, 1.146907, 0.717311, 6
613, 0.008853, 0.219690, 0.118987, 1.148458, 0.723294, 6
614, -0.008853, 0.219690, 0.118987, 1.143755, 0.722461, 6
615, -0.026502, 0.218265, 0.118987, 1.156095, 0.730633, 6
616, -0.043979, 0.215425, 0.118987, 1.147335, 0.720727, 6
617, -0.061171, 0.211188, 0.118987, 1.157000, 0.727018, 6
618, -0.077966, 0.205581, 0.118987, 1.156288, 0.732315, 6
619, -0.094256, 0.198640, 0.118987, 1.144511, 0.731778, 6
620, -0.109934, 0.190412, 0.118987, 1.151200, 0.718552, 6
621, -0.124900, 0.180948, 0.118987, 1.149098, 0.729654, 6
622, -0.139055, 0.170311, 0.118987, 1.138671, 0.726942, 6
623, -0.152308, 0.158570, 0.118987, 1.152583, 0.718361, 6
624, -0.164574, 0.145800, 0.118987, 1.143049, 0.731707, 6
625, -0.175772, 0.132084, 0.118987, 1.147570, 0.733456, 6
626, -0.185831, 0.117512, 0.118987, 1.153012, 0.722978, 6
627, -0.194684, 0.102178, 0.118987, 1.151917, 0.721948, 6
628, -0.202274, 0.086181, 0.118987, 1.136121, 0.722709, 6
629, -0.208553, 0.069625, 0.118987, 1.149312, 0.732527, 6
630, -0.213479, 0.052618, 0.118987, 1.144441, 0.733601, 6
631, -0.217021, 0.035269, 0.118987, 1.144677, 0.728809, 6
632, -0.219155, 0.017692, 0.118987, 1.135105, 0.736279, 6
633, -0.219868, 0.000000, 0.118987, 1.131496, 0.737014, 6
634, -0.219155, -0.017692, 0.118987, 1.129024, 0.724293, 6
635, -0.217021, -0.035269, 0.118987, 1.142725, 0.722499, 6
636, -0.213479, -0.052618, 0.118987, 1.140261, 0.723016, 6
637, -0.208553, -0.069625, 0.118987, 1.129508, 0.741998, 6
638, -0.202274, -0.086181, 0.118987, 1.134133, 0.730156, 6
639, -0.194684, -0.102178, 0.118987, 1.134563, 0.731800, 6
640, -0.185831, -0.117512, 0.118987, 1.135311, 0.719784, 6
641, -0.175772, -0.132084, 0.118987, 1.139219, 0.729404, 6
642, -0.164574, -0.145800, 0.118987, 1.125372, 0.735757, 6
643, -0.152308, -0.158570, 0.118987, 1.131895, 0.739700, 6
644, -0.139055, -0.170311, 0.118987, 1.129698, 0.729027, 6
645, -0.124900, -0.180948, 0.118987, 1.131757, 0.741048, 6
646, -0.109934, -0.190412, 0.118987, 1.134542, 0.719387, 6
647, -0.094256, -0.198640, 0.118987, 1.124784, 0.722045, 6
648, -0.077966, -0.205581, 0.118987, 1.130172, 0.735823, 6
649, -0.061171, -0.211188, 0.118987, 1.127626, 0.728546, 6
650, -0.043979, -0.215425, 0.118987, 1.131958, 0.718871, 6
651, -0.026502, -0.218265, 0.118987, 1.130167, 0.722901, 6
652, -0.008853, -0.219690, 0.118987, 1.142016, 0.739198, 6
653, 0.008853, -0.219690, 0.118987, 1.144826, 0.731145, 6
654, 0.026502, -0.218265, 0.118987, 1.140849, 0.724002, 6
655, 0.043979, -0.215425, 0.118987, 1.146637, 0.722285, 6
656, 0.061171, -0.211188, 0.118987, 1.139249, 0.726521, 6
657, 0.077966, -0.205581, 0.118987, 1.133570, 0.722881, 6
658, 0.094256, -0.198640, 0.118987, 1.146276, 0.730449, 6
659, 0.109934, -0.190412, 0.118987, 1.139953, 0.728254, 6
660, 0.124900, -0.180948, 0.118987, 1.141527, 0.740116, 6
661, 0.139055, -0.170311, 0.118987, 1.150344, 0.721886, 6
662, 0.152308, -0.158570, 0.118987, 1.143519, 0.734440, 6
663, 0.164574, -0.145800, 0.118987, 1.154980, 0.737522, 6
664, 0.175772, -0.132084, 0.118987, 1.155986, 0.722663, 6
665, 0.185831, -0.117512, 0.118987, 1.159900, 0.718535, 6
666, 0.194684, -0.102178, 0.118987, 1.156056, 0.717409, 6
667, 0.202274, -0.086181, 0.118987, 1.148116, 0.724594, 6
668, 0.208553, -0.069625, 0.118987, 1.150467, 0.727169, 6
669, 0.213479, -0.052618, 0.118987, 1.145624, 0.728242, 6
670, 0.217021, -0.035269, 0.118987, 1.145820, 0.735458, 6
671, 0.219155, -0.017692, 0.118987, 1.149684, 0.738295, 6
672, 0.209292, 0.000000, 0.136737, 1.153509, 0.720777, 6
673, 0.208495, 0.018241, 0.136737, 1.149144, 0.718762, 6
674, 0.206112, 0.036343, 0.136737, 1.151189, 0.726694, 6
675, 0.202160, 0.054169, 0.136737, 1.149156, 0.717736, 6
676, 0.196670, 0.071582, 0.136737, 1.144442, 0.726305, 6
677, 0.189683, 0.088450, 0.136737, 1.154677, 0.715681, 6
678, 0.181252, 0.104646, 0.136737, 1.154015, 0.732503, 6
679, 0.171442, 0.120045, 0.136737, 1.160524, 0.725102, 6
680, 0.160327, 0.134530, 0.136737, 1.146730, 0.728662, 6
681, 0.147992, 0.147992, 0.136737, 1.159342, 0.718069, 6
682, 0.134530, 0.160327, 0.136737, 1.152247, 0.737299, 6
683, 0.120045, 0.171442, 0.136737, 1.147353, 0.730472, 6
684, 0.104646, 0.181252, 0.136737, 1.151861, 0.727724, 6
685, 0.088450, 0.189683, 0.136737, 1.151805, 0.718186, 6
686, 0.071582, 0.196670, 0.136737, 1.147177, 0.720002, 6
687, 0.054169, 0.202160, 0.136737, 1.156438, 0.736320, 6
688, 0.036343, 0.206112, 0.136737, 1.149385, 0.730011, 6
689, 0.018241, 0.208495, 0.136737, 1.156534, 0.729325, 6
690, 0.000000, 0.209292, 0.136737, 1.140661, 0.737142, 6
691, -0.018241, 0.208495, 0.136737, 1.151824, 0.717961, 6
692, -0.036343, 0.206112, 0.136737, 1.153438, 0.726567, 6
693, -0.054169, 0.202160, 0.136737, 1.155240, 0.734083, 6
694, -0.071582, 0.196670, 0.136737, 1.148927, 0.730811, 6
695, -0.088450, 0.189683, 0.136737, 1.155468, 0.723620, 6
696, -0.104646, 0.181252, 0.136737, 1.147160, 0.732242, 6
697, -0.120045, 0.171442, 0.136737, 1.145487, 0.738499, 6
698, -0.134530, 0.160327, 0.136737, 1.146465, 0.727577, 6
699, -0.147992, 0.147992, 0.136737, 1.148823, 0.739389, 6
700, -0.160327, 0.134530, 0.136737, 1.135644, 0.718684, 6
701, -0.171442, 0.120045, 0.136737, 1.151792, 0.735115, 6
702, -0.181252, 0.104646, 0.136737, 1.152099, 0.723588, 6
703, -0.189683, 0.088450, 0.136737, 1.139779, 0.724014, 6
704, -0.196670, 0.071582, 0.136737, 1.140796, 0.728523, 6
705, -0.202160, 0.054169, 0.136737, 1.130582, 0.736265, 6
706, -0.206112, 0.036343, 0.136737, 1.140026, 0.730392, 6
707, -0.208495, 0.018241, 0.136737, 1.145919, 0.735812, 6
708, -0.209292, 0.000000, 0.136737, 1.139073, 0.731140, 6
709, -0.208495, -0.018241, 0.136737, 1.132581, 0.721811, 6
710, -0.206112, -0.036343, 0.136737, 1.141126, 0.735593, 6
711, -0.202160, -0.054169, 0.136737, 1.125580, 0.726104, 6
712, -0.196670, -0.071582, 0.136737, 1.123450, 0.721795, 6
713, -0.189683, -0.088450, 0.136737, 1.134600, 0.737366, 6
714, -0.181252, -0.104646, 0.136737, 1.136299, 0.731003, 6
715, -0.171442, -0.120045, 0.136737, 1.139594, 0.739249, 6
716, -0.160327, -0.134530, 0.136737, 1.138428, 0.726619, 6
717, -0.147992, -0.147992, 0.136737, 1.134112, 0.726155, 6
718, -0.134530, -0.160327, 0.136737, 1.120413, 0.724487, 6
719, -0.120045, -0.171442, 0.136737, 1.120471, 0.734950, 6
720, -0.104646, -0.181252, 0.136737, 1.136607, 0.721883, 6
721, -0.088450, -0.189683, 0.136737, 1.132952, 0.733713, 6
722, -0.071582, -0.196670, 0.136737, 1.130045, 0.737651, 6
723, -0.054169, -0.202160, 0.136737, 1.131953, 0.728574, 6
724, -0.036343, -0.206112, 0.136737, 1.135724, 0.725679, 6
725, -0.018241, -0.208495, 0.136737, 1.142849, 0.724106, 6
726, -0.000000, -0.209292, 0.136737, 1.125925, 0.739073, 6
727, 0.018241, -0.208495, 0.136737, 1.138359, 0.740681, 6
728, 0.036343, -0.206112, 0.136737, 1.133434, 0.722459, 6
729, 0.054169, -0.202160, 0.136737, 1.132105, 0.733930, 6
730, 0.071582, -0.196670, 0.136737, 1.147942, 0.720961, 6
731, 0.088450, -0.189683, 0.136737, 1.139142, 0.739217, 6
732, 0.104646, -0.181252, 0.136737, 1.154077, 0.723790, 6
733, 0.120045, -0.171442, 0.136737, 1.146963, 0.730560, 6
734, 0.134530, -0.160327, 0.136737, 1.146444, 0.724206, 6
735, 0.147992, -0.147992, 0.136737, 1.149052, 0.722271, 6
736, 0.160327, -0.134530, 0.136737, 1.153302, 0.719112, 6
737, 0.171442, -0.120045, 0.136737, 1.144379, 0.731568, 6
738, 0.181252, -0.104646, 0.136737, 1.151772, 0.722155, 6
739, 0.189683, -0.088450, 0.136737, 1.156312, 0.735392, 6
740, 0.196670, -0.071582, 0.136737, 1.160911, 0.721723, 6
741, 0.202160, -0.054169, 0.136737, 1.161331, 0.737631, 6
742, 0.206112, -0.036343, 0.136737, 1.163125, 0.715963, 6
743, 0.208495, -0.018241, 0.136737, 1.159492, 0.725602, 6
744, 0.197285, 0.000000, 0.153553, 1.156156, 0.737022, 6
745, 0.196392, 0.018753, 0.153553, 1.150382, 0.725707, 6
746, 0.193720, 0.037336, 0.153553, 1.146240, 0.729992, 6
747, 0.189294, 0.055582, 0.153553, 1.160402, 0.720762, 6
748, 0.183153, 0.073323, 0.153553, 1.162115, 0.718369, 6
749, 0.175354, 0.090401, 0.153553, 1.152893, 0.736289, 6
750, 0.165967, 0.106660, 0.153553, 1.153515, 0.735942, 6
751, 0.155077, 0.121954, 0.153553, 1.154449, 0.722735, 6
752, 0.142782, 0.136142, 0.153553, 1.160534, 0.738114, 6
753, 0.129194, 0.149098, 0.153553, 1.161268, 0.729451, 6
754, 0.114437, 0.160704, 0.153553, 1.142765, 0.727033, 6
755, 0.098643, 0.170854, 0.153553, 1.145147, 0.737038, 6
756, 0.081955, 0.179457, 0.153553, 1.159737, 0.718720, 6
757, 0.064526, 0.186435, 0.153553, 1.154575, 0.723159, 6
758, 0.046512, 0.191724, 0.153553, 1.154315, 0.719596, 6
759, 0.028077, 0.195277, 0.153553, 1.142771, 0.724267, 6
760, 0.009387, 0.197062, 0.153553, 1.147292, 0.718973, 6
761, -0.009387, 0.197062, 0.153553, 1.157815, 0.732712, 6
762, -0.028077, 0.195277, 0.153553, 1.153681, 0.719060, 6
763, -0.046512, 0.191724, 0.153553, 1.148657, 0.728152, 6
764, -0.064526, 0.186435, 0.153553, 1.141956, 0.734137, 6
765, -0.081955, 0.179457, 0.153553, 1.155566, 0.729018, 6
766, -0.098643, 0.170854, 0.153553, 1.149834, 0.724409, 6
767, -0.114437, 0.160704, 0.153553, 1.151712, 0.739485, 6
768, -0.129194, 0.149098, 0.153553, 1.138207, 0.729704, 6
769, -0.142782, 0.136142, 0.153553, 1.152971, 0.727717, 6
770, -0.155077, 0.121954, 0.153553, 1.147853, 0.724257, 6
771, -0.165967, 0.106660, 0.153553, 1.143124, 0.718831, 6
772, -0.175354, 0.090401, 0.153553, 1.145991, 0.724036, 6
773, -0.183153, 0.073323, 0.153553, 1.131634, 0.741033, 6
774, -0.189294, 0.055582, 0.153553, 1.138436, 0.735719, 6
775, -0.193720, 0.037336, 0.153553, 1.144253, 0.736162, 6
776, -0.196392, 0.018753, 0.153553, 1.141113, 0.730751, 6
777, -0.197285, 0.000000, 0.153553, 1.129085, 0.736392, 6
778, -0.196392, -0.018753, 0.153553, 1.135807, 0.724290, 6
779, -0.193720, -0.037336, 0.153553, 1.139603, 0.735218, 6
780, -0.189294, -0.055582, 0.153553, 1.138291, 0.740226, 6
781, -0.183153, -0.073323, 0.153553, 1.127267, 0.729246, 6
782, -0.175354, -0.090401, 0.153553, 1.127138, 0.727554, 6
783, -0.165967, -0.106660, 0.153553, 1.138741, 0.736384, 6
784, -0.155077, -0.121954, 0.153553, 1.121783, 0.735004, 6
785, -0.142782, -0.136142, 0.153553, 1.135085, 0.732492, 6
786, -0.129194, -0.149098, 0.153553, 1.121540, 0.725512, 6
787, -0.114437, -0.160704, 0.153553, 1.127787, 0.739453, 6
788, -0.098643, -0.170854, 0.153553, 1.123704, 0.722299, 6
789, -0.081955, -0.179457, 0.153553, 1.138449, 0.733138, 6
790, -0.064526, -0.186435, 0.153553, 1.136250, 0.741101, 6
791, -0.046512, -0.191724, 0.153553, 1.138107, 0.738204, 6
792, -0.028077, -0.195277, 0.153553, 1.136780, 0.721288, 6
793, -0.009387, -0.197062, 0.153553, 1.141014, 0.722633, 6
794, 0.009387, -0.197062, 0.153553, 1.128794, 0.729965, 6
795, 0.028077, -0.195277, 0.153553, 1.133130, 0.732925, 6
796, 0.046512, -0.191724, 0.153553, 1.140913, 0.730144, 6
797, 0.064526, -0.186435, 0.153553, 1.149588, 0.730653, 6
798, 0.081955, -0.179457, 0.153553, 1.134354, 0.719598, 6
799, 0.098643, -0.170854, 0.153553, 1.141045, 0.726984, 6
800, 0.114437, -0.160704, 0.153553, 1.145112, 0.739265, 6
801, 0.129194, -0.149098, 0.153553, 1.154531, 0.734439, 6
802, 0.142782, -0.136142, 0.153553, 1.141320, 0.732401, 6
803, 0.155077, -0.121954, 0.153553, 1.158240, 0.724002, 6
804, 0.165967, -0.106660, 0.153553, 1.149460, 0.721656, 6
805, 0.175354, -0.090401, 0.153553, 1.149727, 0.716316, 6
806, 0.183153, -0.073323, 0.153553, 1.154677, 0.719760, 6
807, 0.189294, -0.055582, 0.153553, 1.162902, 0.724548, 6
808, 0.193720, -0.037336, 0.153553, 1.146525, 0.717446, 6
809, 0.196392, -0.018753, 0.153553, 1.151968, 0.726430, 6
810, 0.183931, 0.000000, 0.169320, 1.148245, 0.737914, 6
811, 0.182923, 0.019226, 0.169320, 1.147193, 0.731890, 6
812, 0.179912, 0.038241, 0.169320, 1.148212, 0.724878, 6
813, 0.174929, 0.056838, 0.169320, 1.150987, 0.721958, 6
814, 0.168029, 0.074811, 0.169320, 1.154910, 0.730802, 6
815, 0.159289, 0.091965, 0.169320, 1.158788, 0.723353, 6
816, 0.148803, 0.108112, 0.169320, 1.154896, 0.723714, 6
817, 0.136687, 0.123074, 0.169320, 1.150393, 0.721520, 6
818, 0.123074, 0.136687, 0.169320, 1.148363, 0.719958, 6
819, 0.108112, 0.148803, 0.169320, 1.151699, 0.727103, 6
820, 0.091965, 0.159289, 0.169320, 1.147516, 0.726904, 6
821, 0.074811, 0.168029, 0.169320, 1.157240, 0.735983, 6
822, 0.056838, 0.174929, 0.169320, 1.161401, 0.724398, 6
823, 0.038241, 0.179912, 0.169320, 1.143306, 0.722645, 6
824, 0.019226, 0.182923, 0.169320, 1.148405, 0.721590, 6
825, 0.000000, 0.183931, 0.169320, 1.151657, 0.724600, 6
826, -0.019226, 0.182923, 0.169320, 1.153192, 0.717804, 6
827, -0.038241, 0.179912, 0.169320, 1.158244, 0.730517, 6
828, -0.056838, 0.174929, 0.169320, 1.154166, 0.733114, 6
829, -0.074811, 0.168029, 0.169320, 1.156554, 0.728569, 6
830, -0.091965, 0.159289, 0.169320, 1.139796, 0.726637, 6
831, -0.108112, 0.148803, 0.169320, 1.146291, 0.736251, 6
832, -0.123074, 0.136687, 0.169320, 1.146282, 0.735629, 6
833, -0.136687, 0.123074, 0.169320, 1.140118, 0.725477, 6
834, -0.148803, 0.108112, 0.169320, 1.150795, 0.726031, 6
835, -0.159289, 0.091965, 0.169320, 1.135711, 0.733860, 6
836, -0.168029, 0.074811, 0.169320, 1.145640, 0.718382, 6
837, -0.174929, 0.056838, 0.169320, 1.131914, 0.719278, 6
838, -0.179912, 0.038241, 0.169320, 1.140407, 0.724159, 6
839, -0.182923, 0.019226, 0.169320, 1.145041, 0.733221, 6
840, -0.183931, 0.000000, 0.169320, 1.144375, 0.721582, 6
841, -0.182923, -0.019226, 0.169320, 1.126610, 0.719226, 6
842, -0.179912, -0.038241, 0.169320, 1.131238, 0.734187, 6
843, -0.174929, -0.056838, 0.169320, 1.137809, 0.726046, 6
844, -0.168029, -0.074811, 0.169320, 1.133151, 0.723604, 6
845, -0.159289, -0.091965, 0.169320, 1.138757, 0.723696, 6
846, -0.148803, -0.108112, 0.169320, 1.130415, 0.738826, 6
847, -0.136687, -0.123074, 0.169320, 1.135167, 0.728932, 6
848, -0.123074, -0.136687, 0.169320, 1.137678, 0.730987, 6
849, -0.108112, -0.148803, 0.169320, 1.125949, 0.739736, 6
850, -0.091965, -0.159289, 0.169320, 1.127275, 0.729592, 6
851, -0.074811, -0.168029, 0.169320, 1.135605, 0.730163, 6
852, -0.056838, -0.174929, 0.169320, 1.137458, 0.729288, 6
853, -0.038241, -0.179912, 0.169320, 1.126714, 0.728036, 6
854, -0.019226, -0.182923, 0.169320, 1.130779, 0.724660, 6
855, -0.000000, -0.183931, 0.169320, 1.134652, 0.732938, 6
856, 0.019226, -0.182923, 0.169320, 1.138440, 0.719879, 6
857, 0.038241, -0.179912, 0.169320, 1.146469, 0.736586, 6
858, 0.056838, -0.174929, 0.169320, 1.139285, 0.741031, 6
859, 0.074811, -0.168029, 0.169320, 1.147017, 0.733641, 6
860, 0.091965, -0.159289, 0.169320, 1.141817, 0.725778, 6
861, 0.108112, -0.148803, 0.169320, 1.154316, 0.733794, 6
862, 0.123074, -0.136687, 0.169320, 1.149347, 0.739450, 6
863, 0.136687, -0.123074, 0.169320, 1.147197, 0.718571, 6
864, 0.148803, -0.108112, 0.169320, 1.154690, 0.734434, 6
865, 0.159289, -0.091965, 0.169320, 1.156761, 0.731519, 6
866, 0.168029, -0.074811, 0.169320, 1.146759, 0.720420, 6
867, 0.174929, -0.056838, 0.169320, 1.153655, 0.726630, 6
868, 0.179912, -0.038241, 0.169320, 1.160884, 0.725965, 6
869, 0.182923, -0.019226, 0.169320, 1.158505, 0.720155, 6
870, 0.169320, 0.000000, 0.183931, 1.160062, 0.719351, 6
871, 0.168176, 0.019657, 0.183931, 1.159309, 0.730411, 6
872, 0.164756, 0.039048, 0.183931, 1.147528, 0.720354, 6
873, 0.159109, 0.057911, 0.183931, 1.157398, 0.716633, 6
874, 0.151310, 0.075991, 0.183931, 1.162308, 0.725313, 6
875, 0.141465, 0.093043, 0.183931, 1.157265, 0.715927, 6
876, 0.129707, 0.108837, 0.183931, 1.148252, 0.727000, 6
877, 0.116195, 0.123159, 0.183931, 1.162025, 0.728540, 6
878, 0.101111, 0.135816, 0.183931, 1.155080, 0.725358, 6
879, 0.084660, 0.146636, 0.183931, 1.159997, 0.720007, 6
880, 0.067064, 0.155473, 0.183931, 1.151760, 0.731051, 6
881, 0.048562, 0.162207, 0.183931, 1.148075, 0.729215, 6
882, 0.029402, 0.166748, 0.183931, 1.157855, 0.730170, 6
883, 0.009845, 0.169034, 0.183931, 1.148834, 0.732937, 6
884, -0.009845, 0.169034, 0.183931, 1.143514, 0.720110, 6
885, -0.029402, 0.166748, 0.183931, 1.158397, 0.737317, 6
886, -0.048562, 0.162207, 0.183931, 1.147878, 0.737248, 6
887, -0.067064, 0.155473, 0.183931, 1.147448, 0.735275, 6
888, -0.084660, 0.146636, 0.183931, 1.150543, 0.732254, 6
889, -0.101111, 0.135816, 0.183931, 1.151681, 0.732082, 6
890, -0.116195, 0.123159, 0.183931, 1.140671, 0.726095, 6
891, -0.129707, 0.108837, 0.183931, 1.140454, 0.738573, 6
892, -0.141465, 0.093043, 0.183931, 1.140424, 0.735806, 6
893, -0.151310, 0.075991, 0.183931, 1.133114, 0.730003, 6
894, -0.159109, 0.057911, 0.183931, 1.147330, 0.725226, 6
895, -0.164756, 0.039048, 0.183931, 1.139656, 0.726574, 6
896, -0.168176, 0.019657, 0.183931, 1.128918, 0.741606, 6
897, -0.169320, 0.000000, 0.183931, 1.144934, 0.727634, 6
898, -0.168176, -0.019657, 0.183931, 1.138074, 0.735258, 6
899, -0.164756, -0.039048, 0.183931, 1.139390, 0.736843, 6
900, -0.159109, -0.057911, 0.183931, 1.126456, 0.729815, 6
901, -0.151310, -0.075991, 0.183931, 1.127479, 0.728871, 6
902, -0.141465, -0.093043, 0.183931, 1.132284, 0.724683, 6
903, -0.129707, -0.108837, 0.183931, 1.122215, 0.735653, 6
904, -0.116195, -0.123159, 0.183931, 1.126888, 0.732017, 6
905, -0.101111, -0.135816, 0.183931, 1.132609, 0.719116, 6
906, -0.084660, -0.146636, 0.183931, 1.120782, 0.721284, 6
907, -0.067064, -0.155473, 0.183931, 1.128081, 0.721204, 6
908, -0.048562, -0.162207, 0.183931, 1.128617, 0.731313, 6
909, -0.029402, -0.166748, 0.183931, 1.134117, 0.741499, 6
910, -0.009845, -0.169034, 0.183931, 1.135791, 0.738700, 6
911, 0.009845, -0.169034, 0.183931, 1.138312, 0.735936, 6
912, 0.029402, -0.166748, 0.183931, 1.131556, 0.738110, 6
913, 0.048562, -0.162207, 0.183931, 1.143859, 0.737213, 6
914, 0.067064, -0.155473, 0.183931, 1.144692, 0.731224, 6
915, 0.084660, -0.146636, 0.183931, 1.149407, 0.738837, 6
916, 0.101111, -0.135816, 0.183931, 1.139689, 0.731544, 6
917, 0.116195, -0.123159, 0.183931, 1.147093, 0.723557, 6
918, 0.129707, -0.108837, 0.183931, 1.152613, 0.717924, 6
919, 0.141465, -0.093043, 0.183931, 1.155659, 0.733528, 6
920, 0.151310, -0.075991, 0.183931, 1.150441, 0.730320, 6
921, 0.159109, -0.057911, 0.183931, 1.158580, 0.739107, 6
922, 0.164756, -0.039048, 0.183931, 1.162242, 0.731951, 6
923, 0.168176, -0.019657, 0.183931, 1.149622, 0.725863, 6
924, 0.153553, 0.000000, 0.197285, 1.150770, 0.733605, 6
925, 0.152240, 0.020043, 0.197285, 1.163146, 0.738722, 6
926, 0.148321, 0.039742, 0.197285, 1.164507, 0.732378, 6
927, 0.141865, 0.058762, 0.197285, 1.162641, 0.730367, 6
928, 0.132981, 0.076777, 0.197285, 1.148543, 0.722703, 6
929, 0.121822, 0.093477, 0.197285, 1.151370, 0.720922, 6
930, 0.108578, 0.108578, 0.197285, 1.158197, 0.725313, 6
931, 0.093477, 0.121822, 0.197285, 1.163440, 0.716674, 6
932, 0.076777, 0.132981, 0.197285, 1.153870, 0.719679, 6
933, 0.058762, 0.141865, 0.197285, 1.147162, 0.734930, 6
934, 0.039742, 0.148321, 0.197285, 1.144352, 0.739179, 6
935, 0.020043, 0.152240, 0.197285, 1.156295, 0.737563, 6
936, 0.000000, 0.153553, 0.197285, 1.158010, 0.722500, 6
937, -0.020043, 0.152240, 0.197285, 1.142065, 0.733351, 6
938, -0.039742, 0.148321, 0.197285, 1.154395, 0.727089, 6
939, -0.058762, 0.141865, 0.197285, 1.146590, 0.733640, 6
940, -0.076777, 0.132981, 0.197285, 1.140348, 0.720527, 6
941, -0.093477, 0.121822, 0.197285, 1.147950, 0.726581, 6
942, -0.108578, 0.108578, 0.197285, 1.136973, 0.726382, 6
943, -0.121822, 0.093477, 0.197285, 1.141490, 0.718875, 6
944, -0.132981, 0.076777, 0.197285, 1.150234, 0.719657, 6
945, -0.141865, 0.058762, 0.197285, 1.144180, 0.720896, 6
946, -0.148321, 0.039742, 0.197285, 1.133247, 0.729078, 6
947, -0.152240, 0.020043, 0.197285, 1.129084, 0.737101, 6
948, -0.153553, 0.000000, 0.197285, 1.140545, 0.737220, 6
949, -0.152240, -0.020043, 0.197285, 1.138205, 0.722456, 6
950, -0.148321, -0.039742, 0.197285, 1.142342, 0.739282, 6
951, -0.141865, -0.058762, 0.197285, 1.125519, 0.735288, 6
952, -0.132981, -0.076777, 0.197285, 1.136230, 0.731240, 6
953, -0.121822, -0.093477, 0.197285, 1.124923, 0.719518, 6
954, -0.108578, -0.108578, 0.197285, 1.137280, 0.724357, 6
955, -0.093477, -0.121822, 0.197285, 1.129492, 0.730001, 6
956, -0.076777, -0.132981, 0.197285, 1.135572, 0.719736, 6
957, -0.058762, -0.141865, 0.197285, 1.124612, 0.730980, 6
958, -0.039742, -0.148321, 0.197285, 1.136331, 0.720636, 6
959, -0.020043, -0.152240, 0.197285, 1.134304, 0.724917, 6
960, -0.000000, -0.153553, 0.197285, 1.143488, 0.720099, 6
961, 0.020043, -0.152240, 0.197285, 1.143459, 0.727755, 6
962, 0.039742, -0.148321, 0.197285, 1.136169, 0.721373, 6
963, 0.058762, -0.141865, 0.197285, 1.145454, 0.738722, 6
964, 0.076777, -0.132981, 0.197285, 1.146180, 0.740313, 6
965, 0.093477, -0.121822, 0.197285, 1.146849, 0.732406, 6
966, 0.108578, -0.108578, 0.197285, 1.145514, 0.734481, 6
967, 0.121822, -0.093477, 0.197285, 1.150485, 0.738213, 6
968, 0.132981, -0.076777, 0.197285, 1.147649, 0.718743, 6
969, 0.141865, -0.058762, 0.197285, 1.159986, 0.719221, 6
970, 0.148321, -0.039742, 0.197285, 1.160541, 0.726822, 6
971, 0.152240, -0.020043, 0.197285, 1.158928, 0.737883, 6
972, 0.136737, 0.000000, 0.209292, 1.157370, 0.726427, 6
973, 0.135210, 0.020380, 0.209292, 1.160991, 0.719236, 6
974, 0.130662, 0.040304, 0.209292, 1.152882, 0.717610, 6
975, 0.123196, 0.059328, 0.209292, 1.146884, 0.729726, 6
976, 0.112977, 0.077027, 0.209292, 1.152704, 0.732604, 6
977, 0.100235, 0.093005, 0.209292, 1.149346, 0.721292, 6
978, 0.085254, 0.106905, 0.209292, 1.146170, 0.723633, 6
979, 0.068369, 0.118418, 0.209292, 1.147274, 0.732562, 6
980, 0.049956, 0.127285, 0.209292, 1.147498, 0.724811, 6
981, 0.030427, 0.133309, 0.209292, 1.155470, 0.738517, 6
982, 0.010218, 0.136355, 0.209292, 1.152854, 0.736480, 6
983, -0.010218, 0.136355, 0.209292, 1.152701, 0.719859, 6
984, -0.030427, 0.133309, 0.209292, 1.144910, 0.726554, 6
985, -0.049956, 0.127285, 0.209292, 1.150289, 0.718920, 6
986, -0.068369, 0.118418, 0.209292, 1.141772, 0.730808, 6
987, -0.085254, 0.106905, 0.209292, 1.142978, 0.729845, 6
988, -0.100235, 0.093005, 0.209292, 1.141956, 0.733228, 6
989, -0.112977, 0.077027, 0.209292, 1.144265, 0.735868, 6
990, -0.123196, 0.059328, 0.209292, 1.138302, 0.732852, 6
991, -0.130662, 0.040304, 0.209292, 1.134851, 0.728658, 6
992, -0.135210, 0.020380, 0.209292, 1.141621, 0.722576, 6
993, -0.136737, 0.000000, 0.209292, 1.139329, 0.737288, 6
994, -0.135210, -0.020380, 0.209292, 1.140592, 0.724785, 6
995, -0.130662, -0.040304, 0.209292, 1.142147, 0.725589, 6
996, -0.123196, -0.059328, 0.209292, 1.126603, 0.726346, 6
997, -0.112977, -0.077027, 0.209292, 1.132028, 0.741641, 6
998, -0.100235, -0.093005, 0.209292, 1.127890, 0.731403, 6
999, -0.085254, -0.106905, 0.209292, 1.128913, 0.737105, 6
1000, -0.068369, -0.118418, 0.209292, 1.121911, 0.734241, 6
1001, -0.049956, -0.127285, 0.209292, 1.130372, 0.726447, 6
1002, -0.030427, -0.133309, 0.209292, 1.125098, 0.739379, 6
1003, -0.010218, -0.136355, 0.209292, 1.131075, 0.725741, 6
1004, 0.010218, -0.136355, 0.209292, 1.145398, 0.738886, 6
1005, 0.030427, -0.133309, 0.209292, 1.143145, 0.723198, 6
1006, 0.049956, -0.127285, 0.209292, 1.143974, 0.732741, 6
1007, 0.068369, -0.118418, 0.209292, 1.148447, 0.731616, 6
1008, 0.085254, -0.106905, 0.209292, 1.138754, 0.732048, 6
1009, 0.100235, -0.093005, 0.209292, 1.148549, 0.739765, 6
1010, 0.112977, -0.077027, 0.209292, 1.154416, 0.726500, 6
1011, 0.123196, -0.059328, 0.209292, 1.157997, 0.722354, 6
1012, 0.130662, -0.040304, 0.209292, 1.156442, 0.727332, 6
1013, 0.135210, -0.020380, 0.209292, 1.150727, 0.736230, 6
1014, 0.118987, 0.000000, 0.219868, 1.158813, 0.727863, 6
1015, 0.117179, 0.020662, 0.219868, 1.163466, 0.735665, 6
1016, 0.111811, 0.040696, 0.219868, 1.146111, 0.735905, 6
1017, 0.103046, 0.059493, 0.219868, 1.162160, 0.728396, 6
1018, 0.091149, 0.076483, 0.219868, 1.163645, 0.722276, 6
1019, 0.076483, 0.091149, 0.219868, 1.160188, 0.722071, 6
1020, 0.059493, 0.103046, 0.219868, 1.162519, 0.736847, 6
1021, 0.040696, 0.111811, 0.219868, 1.155545, 0.721934, 6
1022, 0.020662, 0.117179, 0.219868, 1.146723, 0.723186, 6
1023, 0.000000, 0.118987, 0.219868, 1.160759, 0.726653, 6
1024, -0.020662, 0.117179, 0.219868, 1.147834, 0.738862, 6
1025, -0.040696, 0.111811, 0.219868, 1.147484, 0.734587, 6
1026, -0.059493, 0.103046, 0.219868, 1.155781, 0.721109, 6
1027, -0.076483, 0.091149, 0.219868, 1.140347, 0.720356, 6
1028, -0.091149, 0.076483, 0.219868, 1.141445, 0.733556, 6
1029, -0.103046, 0.059493, 0.219868, 1.146648, 0.719731, 6
1030, -0.111811, 0.040696, 0.219868, 1.135792, 0.717871, 6
1031, -0.117179, 0.020662, 0.219868, 1.137126, 0.736641, 6
1032, -0.118987, 0.000000, 0.219868, 1.142343, 0.740372, 6
1033, -0.117179, -0.020662, 0.219868, 1.128350, 0.732833, 6
1034, -0.111811, -0.040696, 0.219868, 1.126224, 0.736961, 6
1035, -0.103046, -0.059493, 0.219868, 1.132017, 0.728183, 6
1036, -0.091149, -0.076483, 0.219868, 1.127654, 0.729063, 6
1037, -0.076483, -0.091149, 0.219868, 1.124394, 0.732277, 6
1038, -0.059493, -0.103046, 0.219868, 1.130636, 0.721988, 6
1039, -0.040696, -0.111811, 0.219868, 1.129391, 0.723255, 6
1040, -0.020662, -0.117179, 0.219868, 1.142231, 0.724327, 6
1041, -0.000000, -0.118987, 0.219868, 1.137747, 0.732542, 6
1042, 0.020662, -0.117179, 0.219868, 1.141852, 0.730657, 6
1043, 0.040696, -0.111811, 0.219868, 1.147595, 0.722831, 6
1044, 0.059493, -0.103046, 0.219868, 1.153405, 0.729269, 6
1045, 0.076483, -0.091149, 0.219868, 1.148267, 0.723590, 6
1046, 0.091149, -0.076483, 0.219868, 1.146729, 0.734365, 6
1047, 0.103046, -0.059493, 0.219868, 1.155255, 0.720944, 6
1048, 0.111811, -0.040696, 0.219868, 1.157442, 0.718437, 6
1049, 0.117179, -0.020662, 0.219868, 1.155389, 0.737058, 6
1050, 0.100424, 0.000000, 0.228943, 1.162109, 0.728757, 6
1051, 0.098229, 0.020879, 0.228943, 1.151281, 0.735814, 6
1052, 0.091742, 0.040846, 0.228943, 1.149630, 0.726284, 6
1053, 0.081245, 0.059028, 0.228943, 1.154732, 0.728169, 6
1054, 0.067197, 0.074629, 0.228943, 1.146076, 0.716881, 6
1055, 0.050212, 0.086970, 0.228943, 1.152632, 0.734069, 6
1056, 0.031033, 0.095509, 0.228943, 1.146363, 0.737480, 6
1057, 0.010497, 0.099874, 0.228943, 1.154841, 0.720546, 6
1058, -0.010497, 0.099874, 0.228943, 1.146764, 0.732775, 6
1059, -0.031033, 0.095509, 0.228943, 1.155462, 0.721427, 6
1060, -0.050212, 0.086970, 0.228943, 1.147429, 0.727762, 6
1061, -0.067197, 0.074629, 0.228943, 1.142552, 0.738579, 6
1062, -0.081245, 0.059028, 0.228943, 1.152722, 0.732443, 6
1063, -0.091742, 0.040846, 0.228943, 1.147189, 0.724478, 6
1064, -0.098229, 0.020879, 0.228943, 1.137932, 0.720803, 6
1065, -0.100424, 0.000000, 0.228943, 1.133845, 0.731166, 6
1066, -0.098229, -0.020879, 0.228943, 1.136012, 0.725963, 6
1067, -0.091742, -0.040846, 0.228943, 1.129516, 0.733270, 6
1068, -0.081245, -0.059028, 0.228943, 1.130394, 0.733443, 6
1069, -0.067197, -0.074629, 0.228943, 1.126126, 0.733288, 6
1070, -0.050212, -0.086970, 0.228943, 1.128376, 0.740686, 6
1071, -0.031033, -0.095509, 0.228943, 1.131676, 0.731861, 6
1072, -0.010497, -0.099874, 0.228943, 1.139338, 0.718052, 6
1073, 0.010497, -0.099874, 0.228943, 1.134414, 0.727549, 6
1074, 0.031033, -0.095509, 0.228943, 1.146158, 0.733959, 6
1075, 0.050212, -0.086970, 0.228943, 1.136734, 0.737958, 6
1076, 0.067197, -0.074629, 0.228943, 1.145947, 0.736334, 6
1077, 0.081245, -0.059028, 0.228943, 1.157282, 0.730954, 6
1078, 0.091742, -0.040846, 0.228943, 1.149628, 0.721855, 6
1079, 0.098229, -0.020879, 0.228943, 1.148388, 0.736389, 6
1080, 0.081175, 0.000000, 0.236454, 1.158118, 0.721799, 6
1081, 0.078409, 0.021010, 0.236454, 1.156535, 0.733945, 6
1082, 0.070299, 0.040587, 0.236454, 1.158616, 0.725153, 6
1083, 0.057399, 0.057399, 0.236454, 1.159326, 0.736001, 6
1084, 0.040587, 0.070299, 0.236454, 1.157317, 0.731915, 6
1085, 0.021010, 0.078409, 0.236454, 1.155452, 0.727354, 6
1086, 0.000000, 0.081175, 0.236454, 1.150856, 0.716461, 6
1087, -0.021010, 0.078409, 0.236454, 1.155136, 0.736283, 6
1088, -0.040587, 0.070299, 0.236454, 1.140928, 0.727143, 6
1089, -0.057399, 0.057399, 0.236454, 1.145836, 0.728754, 6
1090, -0.070299, 0.040587, 0.236454, 1.144775, 0.740189, 6
1091, -0.078409, 0.021010, 0.236454, 1.132994, 0.737862, 6
1092, -0.081175, 0.000000, 0.236454, 1.133518, 0.734859, 6
1093, -0.078409, -0.021010, 0.236454, 1.137058, 0.730131, 6
1094, -0.070299, -0.040587, 0.236454, 1.138400, 0.732326, 6
1095, -0.057399, -0.057399, 0.236454, 1.135632, 0.722705, 6
1096, -0.040587, -0.070299, 0.236454, 1.130760, 0.728501, 6
1097, -0.021010, -0.078409, 0.236454, 1.137697, 0.723606, 6
1098, -0.000000, -0.081175, 0.236454, 1.139992, 0.734316, 6
1099, 0.021010, -0.078409, 0.236454, 1.137162, 0.723334, 6
1100, 0.040587, -0.070299, 0.236454, 1.146550, 0.728929, 6
1101, 0.057399, -0.057399, 0.236454, 1.150345, 0.724100, 6
1102, 0.070299, -0.040587, 0.236454, 1.142746, 0.732992, 6
1103, 0.078409, -0.021010, 0.236454, 1.142630, 0.738751, 6
1104, 0.061371, 0.000000, 0.242350, 1.157053, 0.734006, 6
1105, 0.057670, 0.020990, 0.242350, 1.150956, 0.720567, 6
1106, 0.047013, 0.039449, 0.242350, 1.151355, 0.731620, 6
1107, 0.030686, 0.053149, 0.242350, 1.145177, 0.719832, 6
1108, 0.010657, 0.060439, 0.242350, 1.155009, 0.739503, 6
1109, -0.010657, 0.060439, 0.242350, 1.154708, 0.734233, 6
1110, -0.030686, 0.053149, 0.242350, 1.147585, 0.737682, 6
1111, -0.047013, 0.039449, 0.242350, 1.147487, 0.737513, 6
1112, -0.057670, 0.020990, 0.242350, 1.134154, 0.722113, 6
1113, -0.061371, 0.000000, 0.242350, 1.142775, 0.726037, 6
1114, -0.057670, -0.020990, 0.242350, 1.133261, 0.723163, 6
1115, -0.047013, -0.039449, 0.242350, 1.130037, 0.737443, 6
1116, -0.030686, -0.053149, 0.242350, 1.130794, 0.720026, 6
1117, -0.010657, -0.060439, 0.242350, 1.136891, 0.727888, 6
1118, 0.010657, -0.060439, 0.242350, 1.147222, 0.718997, 6
1119, 0.030686, -0.053149, 0.242350, 1.147605, 0.736050, 6
1120, 0.047013, -0.039449, 0.242350, 1.144920, 0.734672, 6
1121, 0.057670, -0.020990, 0.242350, 1.149584, 0.717627, 6
1122, 0.041149, 0.000000, 0.246590, 1.144815, 0.719383, 6
1123, 0.035636, 0.020574, 0.246590, 1.142429, 0.736258, 6
1124, 0.020574, 0.035636, 0.246590, 1.152931, 0.733208, 6
1125, 0.000000, 0.041149, 0.246590, 1.139893, 0.718143, 6
1126, -0.020574, 0.035636, 0.246590, 1.138697, 0.731303, 6
1127, -0.035636, 0.020574, 0.246590, 1.138953, 0.736562, 6
1128, -0.041149, 0.000000, 0.246590, 1.150755, 0.722195, 6
1129, -0.035636, -0.020574, 0.246590, 1.148546, 0.737159, 6
1130, -0.020574, -0.035636, 0.246590, 1.134992, 0.738850, 6
1131, -0.000000, -0.041149, 0.246590, 1.136313, 0.731283, 6
1132, 0.020574, -0.035636, 0.246590, 1.149435, 0.740015, 6
1133, 0.035636, -0.020574, 0.246590, 1.140317, 0.719424, 6
1134, 0.020645, 0.000000, 0.249146, 1.144353, 0.730634, 6
1135, 0.010322, 0.017879, 0.249146, 1.142100, 0.735710, 6
1136, -0.010322, 0.017879, 0.249146, 1.144811, 0.738151, 6
1137, -0.020645, 0.000000, 0.249146, 1.139114, 0.737752, 6
1138, -0.010322, -0.017879, 0.249146, 1.143560, 0.723922, 6
1139, 0.010322, -0.017879, 0.249146, 1.147515, 0.731098, 6
1140, 0.000000, 0.000000, 0.250000, 1.152010, 0.734770, 6
