0, 3
114,1,
1, 4
114,115,2,
2, 4
115,116,3,
3, 4
116,117,4,
4, 4
117,118,5,
5, 4
118,119,6,
6, 4
119,120,7,
7, 4
120,121,8,
8, 4
121,122,9,
9, 4
122,123,10,
10, 4
123,124,11,
11, 4
124,125,12,
12, 4
125,126,13,
13, 4
126,127,14,
14, 4
127,128,15,
15, 4
128,129,16,
16, 4
129,130,17,
17, 4
130,131,18,
18, 4
131,132,19,
19, 3
132,20,
20, 4
132,133,21,
21, 4
133,134,22,
22, 4
134,135,23,
23, 4
135,136,24,
24, 4
136,137,25,
25, 4
137,138,26,
26, 4
138,139,27,
27, 4
139,140,28,
28, 4
140,141,29,
29, 4
141,142,30,
30, 4
142,143,31,
31, 4
143,144,32,
32, 4
144,145,33,
33, 4
145,146,34,
34, 4
146,147,35,
35, 4
147,148,36,
36, 4
148,149,37,
37, 4
149,150,38,
38, 3
150,39,
39, 4
150,151,40,
40, 4
151,152,41,
41, 4
152,153,42,
42, 4
153,154,43,
43, 4
154,155,44,
44, 4
155,156,45,
45, 4
156,157,46,
46, 4
157,158,47,
47, 4
158,159,48,
48, 4
159,160,49,
49, 4
160,161,50,
50, 4
161,162,51,
51, 4
162,163,52,
52, 4
163,164,53,
53, 4
164,165,54,
54, 4
165,166,55,
55, 4
166,167,56,
56, 4
167,168,57,
57, 3
168,58,
58, 4
168,169,59,
59, 4
169,170,60,
60, 4
170,171,61,
61, 4
171,172,62,
62, 4
172,173,63,
63, 4
173,174,64,
64, 4
174,175,65,
65, 4
175,176,66,
66, 4
176,177,67,
67, 4
177,178,68,
68, 4
178,179,69,
69, 4
179,180,70,
70, 4
180,181,71,
71, 4
181,182,72,
72, 4
182,183,73,
73, 4
183,184,74,
74, 4
184,185,75,
75, 4
185,186,76,
76, 3
186,77,
77, 4
186,187,78,
78, 4
187,188,79,
79, 4
188,189,80,
80, 4
189,190,81,
81, 4
190,191,82,
82, 4
191,192,83,
83, 4
192,193,84,
84, 4
193,194,85,
85, 4
194,195,86,
86, 4
195,196,87,
87, 4
196,197,88,
88, 4
197,198,89,
89, 4
198,199,90,
90, 4
199,200,91,
91, 4
200,201,92,
92, 4
201,202,93,
93, 4
202,203,94,
94, 4
203,204,95,
95, 3
204,96,
96, 4
204,205,97,
97, 4
205,206,98,
98, 4
206,207,99,
99, 4
207,208,100,
100, 4
208,209,101,
101, 4
209,210,102,
102, 4
210,211,103,
103, 4
211,212,104,
104, 4
212,213,105,
105, 4
213,214,106,
106, 4
214,215,107,
107, 4
215,216,108,
108, 4
216,217,109,
109, 4
217,218,110,
110, 4
218,219,111,
111, 4
219,220,112,
112, 4
220,221,113,
113, 4
221,114,0,
114, 6
113,221,222,115,1,
115, 6
114,222,223,116,2,
116, 6
115,223,224,117,3,
117, 6
116,224,225,118,4,
118, 6
117,225,226,119,5,
119, 6
118,226,227,120,6,
120, 6
119,227,228,121,7,
121, 6
120,228,229,122,8,
122, 6
121,229,230,123,9,
123, 6
122,230,231,124,10,
124, 6
123,231,232,125,11,
125, 6
124,232,233,126,12,
126, 6
125,233,234,127,13,
127, 6
126,234,235,128,14,
128, 6
127,235,236,129,15,
129, 6
128,236,237,130,16,
130, 6
129,237,238,131,17,
131, 6
130,238,239,132,18,
132, 6
131,239,133,20,19,
133, 6
132,239,240,134,21,
134, 6
133,240,241,135,22,
135, 6
134,241,242,136,23,
136, 6
135,242,243,137,24,
137, 6
136,243,244,138,25,
138, 6
137,244,245,139,26,
139, 6
138,245,246,140,27,
140, 6
139,246,247,141,28,
141, 6
140,247,248,142,29,
142, 6
141,248,249,143,30,
143, 6
142,249,250,144,31,
144, 6
143,250,251,145,32,
145, 6
144,251,252,146,33,
146, 6
145,252,253,147,34,
147, 6
146,253,254,148,35,
148, 6
147,254,255,149,36,
149, 6
148,255,256,150,37,
150, 6
149,256,151,39,38,
151, 6
150,256,257,152,40,
152, 6
151,257,258,153,41,
153, 6
152,258,259,154,42,
154, 6
153,259,260,155,43,
155, 6
154,260,261,156,44,
156, 6
155,261,262,157,45,
157, 6
156,262,263,158,46,
158, 6
157,263,264,159,47,
159, 6
158,264,265,160,48,
160, 6
159,265,266,161,49,
161, 6
160,266,267,162,50,
162, 6
161,267,268,163,51,
163, 6
162,268,269,164,52,
164, 6
163,269,270,165,53,
165, 6
164,270,271,166,54,
166, 6
165,271,272,167,55,
167, 6
166,272,273,168,56,
168, 6
167,273,169,58,57,
169, 6
168,273,274,170,59,
170, 6
169,274,275,171,60,
171, 6
170,275,276,172,61,
172, 6
171,276,277,173,62,
173, 6
172,277,278,174,63,
174, 6
173,278,279,175,64,
175, 6
174,279,280,176,65,
176, 6
175,280,281,177,66,
177, 6
176,281,282,178,67,
178, 6
177,282,283,179,68,
179, 6
178,283,284,180,69,
180, 6
179,284,285,181,70,
181, 6
180,285,286,182,71,
182, 6
181,286,287,183,72,
183, 6
182,287,288,184,73,
184, 6
183,288,289,185,74,
185, 6
184,289,290,186,75,
186, 6
185,290,187,77,76,
187, 6
186,290,291,188,78,
188, 6
187,291,292,189,79,
189, 6
188,292,293,190,80,
190, 6
189,293,294,191,81,
191, 6
190,294,295,192,82,
192, 6
191,295,296,193,83,
193, 6
192,296,297,194,84,
194, 6
193,297,298,195,85,
195, 6
194,298,299,196,86,
196, 6
195,299,300,197,87,
197, 6
196,300,301,198,88,
198, 6
197,301,302,199,89,
199, 6
198,302,303,200,90,
200, 6
199,303,304,201,91,
201, 6
200,304,305,202,92,
202, 6
201,305,306,203,93,
203, 6
202,306,307,204,94,
204, 6
203,307,205,96,95,
205, 6
204,307,308,206,97,
206, 6
205,308,309,207,98,
207, 6
206,309,310,208,99,
208, 6
207,310,311,209,100,
209, 6
208,311,312,210,101,
210, 6
209,312,313,211,102,
211, 6
210,313,314,212,103,
212, 6
211,314,315,213,104,
213, 6
212,315,316,214,105,
214, 6
213,316,317,215,106,
215, 6
214,317,318,216,107,
216, 6
215,318,319,217,108,
217, 6
216,319,320,218,109,
218, 6
217,320,321,219,110,
219, 6
218,321,322,220,111,
220, 6
219,322,323,221,112,
221, 6
220,323,222,114,113,
222, 6
221,323,324,223,115,
223, 6
222,324,325,224,116,
224, 6
223,325,326,225,117,
225, 6
224,326,327,226,118,
226, 6
225,327,328,227,119,
227, 6
226,328,329,228,120,
228, 6
227,329,330,229,121,
229, 6
228,330,331,230,122,
230, 6
229,331,332,231,123,
231, 6
230,332,333,232,124,
232, 6
231,333,334,233,125,
233, 6
232,334,335,234,126,
234, 6
233,335,336,235,127,
235, 6
234,336,337,236,128,
236, 6
235,337,338,237,129,
237, 6
236,338,339,238,130,
238, 6
237,339,340,239,131,
239, 6
238,340,240,133,132,
240, 6
239,340,341,241,134,
241, 6
240,341,342,242,135,
242, 6
241,342,343,243,136,
243, 6
242,343,344,244,137,
244, 6
243,344,345,245,138,
245, 6
244,345,346,246,139,
246, 6
245,346,347,247,140,
247, 6
246,347,348,248,141,
248, 6
247,348,349,249,142,
249, 6
248,349,350,250,143,
250, 6
249,350,351,251,144,
251, 6
250,351,352,252,145,
252, 6
251,352,353,253,146,
253, 6
252,353,354,254,147,
254, 6
253,354,355,255,148,
255, 6
254,355,356,256,149,
256, 6
255,356,257,151,150,
257, 6
256,356,357,258,152,
258, 6
257,357,358,259,153,
259, 6
258,358,359,260,154,
260, 6
259,359,360,261,155,
261, 6
260,360,361,262,156,
262, 6
261,361,362,263,157,
263, 6
262,362,363,264,158,
264, 6
263,363,364,265,159,
265, 6
264,364,365,266,160,
266, 6
265,365,366,267,161,
267, 6
266,366,367,268,162,
268, 6
267,367,368,269,163,
269, 6
268,368,369,270,164,
270, 6
269,369,370,271,165,
271, 6
270,370,371,272,166,
272, 6
271,371,372,273,167,
273, 6
272,372,274,169,168,
274, 6
273,372,373,275,170,
275, 6
274,373,374,276,171,
276, 6
275,374,375,277,172,
277, 6
276,375,376,278,173,
278, 6
277,376,377,279,174,
279, 6
278,377,378,280,175,
280, 6
279,378,379,281,176,
281, 6
280,379,380,282,177,
282, 6
281,380,381,283,178,
283, 6
282,381,382,284,179,
284, 6
283,382,383,285,180,
285, 6
284,383,384,286,181,
286, 6
285,384,385,287,182,
287, 6
286,385,386,288,183,
288, 6
287,386,387,289,184,
289, 6
288,387,388,290,185,
290, 6
289,388,291,187,186,
291, 6
290,388,389,292,188,
292, 6
291,389,390,293,189,
293, 6
292,390,391,294,190,
294, 6
293,391,392,295,191,
295, 6
294,392,393,296,192,
296, 6
295,393,394,297,193,
297, 6
296,394,395,298,194,
298, 6
297,395,396,299,195,
299, 6
298,396,397,300,196,
300, 6
299,397,398,301,197,
301, 6
300,398,399,302,198,
302, 6
301,399,400,303,199,
303, 6
302,400,401,304,200,
304, 6
303,401,402,305,201,
305, 6
304,402,403,306,202,
306, 6
305,403,404,307,203,
307, 6
306,404,308,205,204,
308, 6
307,404,405,309,206,
309, 6
308,405,406,310,207,
310, 6
309,406,407,311,208,
311, 6
310,407,408,312,209,
312, 6
311,408,409,313,210,
313, 6
312,409,410,314,211,
314, 6
313,410,411,315,212,
315, 6
314,411,412,316,213,
316, 6
315,412,413,317,214,
317, 6
316,413,414,318,215,
318, 6
317,414,415,319,216,
319, 6
318,415,416,320,217,
320, 6
319,416,417,321,218,
321, 6
320,417,418,322,219,
322, 6
321,418,419,323,220,
323, 6
322,419,324,222,221,
324, 6
323,419,420,325,223,
325, 6
324,420,421,326,224,
326, 6
325,421,422,327,225,
327, 6
326,422,423,328,226,
328, 6
327,423,424,329,227,
329, 6
328,424,425,330,228,
330, 6
329,425,426,331,229,
331, 6
330,426,427,332,230,
332, 6
331,427,428,333,231,
333, 6
332,428,429,334,232,
334, 6
333,429,430,335,233,
335, 6
334,430,431,336,234,
336, 6
335,431,432,337,235,
337, 6
336,432,433,338,236,
338, 6
337,433,434,339,237,
339, 6
338,434,435,340,238,
340, 6
339,435,341,240,239,
341, 6
340,435,436,342,241,
342, 6
341,436,437,343,242,
343, 6
342,437,438,344,243,
344, 6
343,438,439,345,244,
345, 6
344,439,440,346,245,
346, 6
345,440,441,347,246,
347, 6
346,441,442,348,247,
348, 6
347,442,443,349,248,
349, 6
348,443,444,350,249,
350, 6
349,444,445,351,250,
351, 6
350,445,446,352,251,
352, 6
351,446,447,353,252,
353, 6
352,447,448,354,253,
354, 6
353,448,449,355,254,
355, 6
354,449,450,356,255,
356, 6
355,450,357,257,256,
357, 6
356,450,451,358,258,
358, 6
357,451,452,359,259,
359, 6
358,452,453,360,260,
360, 6
359,453,454,361,261,
361, 6
360,454,455,362,262,
362, 6
361,455,456,363,263,
363, 6
362,456,457,364,264,
364, 6
363,457,458,365,265,
365, 6
364,458,459,366,266,
366, 6
365,459,460,367,267,
367, 6
366,460,461,368,268,
368, 6
367,461,462,369,269,
369, 6
368,462,463,370,270,
370, 6
369,463,464,371,271,
371, 6
370,464,465,372,272,
372, 6
371,465,373,274,273,
373, 6
372,465,466,374,275,
374, 6
373,466,467,375,276,
375, 6
374,467,468,376,277,
376, 6
375,468,469,377,278,
377, 6
376,469,470,378,279,
378, 6
377,470,471,379,280,
379, 6
378,471,472,380,281,
380, 6
379,472,473,381,282,
381, 6
380,473,474,382,283,
382, 6
381,474,475,383,284,
383, 6
382,475,476,384,285,
384, 6
383,476,477,385,286,
385, 6
384,477,478,386,287,
386, 6
385,478,479,387,288,
387, 6
386,479,480,388,289,
388, 6
387,480,389,291,290,
389, 6
388,480,481,390,292,
390, 6
389,481,482,391,293,
391, 6
390,482,483,392,294,
392, 6
391,483,484,393,295,
393, 6
392,484,485,394,296,
394, 6
393,485,486,395,297,
395, 6
394,486,487,396,298,
396, 6
395,487,488,397,299,
397, 6
396,488,489,398,300,
398, 6
397,489,490,399,301,
399, 6
398,490,491,400,302,
400, 6
399,491,492,401,303,
401, 6
400,492,493,402,304,
402, 6
401,493,494,403,305,
403, 6
402,494,495,404,306,
404, 6
403,495,405,308,307,
405, 6
404,495,496,406,309,
406, 6
405,496,497,407,310,
407, 6
406,497,498,408,311,
408, 6
407,498,499,409,312,
409, 6
408,499,500,410,313,
410, 6
409,500,501,411,314,
411, 6
410,501,502,412,315,
412, 6
411,502,503,413,316,
413, 6
412,503,504,414,317,
414, 6
413,504,505,415,318,
415, 6
414,505,506,416,319,
416, 6
415,506,507,417,320,
417, 6
416,507,508,418,321,
418, 6
417,508,509,419,322,
419, 6
418,509,420,324,323,
420, 6
419,509,510,421,325,
421, 6
420,510,511,422,326,
422, 6
421,511,512,423,327,
423, 6
422,512,513,424,328,
424, 6
423,513,514,425,329,
425, 6
424,514,515,426,330,
426, 6
425,515,516,427,331,
427, 6
426,516,517,428,332,
428, 6
427,517,518,429,333,
429, 6
428,518,519,430,334,
430, 6
429,519,520,431,335,
431, 6
430,520,521,432,336,
432, 6
431,521,522,433,337,
433, 6
432,522,523,434,338,
434, 6
433,523,524,435,339,
435, 6
434,524,436,341,340,
436, 6
435,524,525,437,342,
437, 6
436,525,526,438,343,
438, 6
437,526,527,439,344,
439, 6
438,527,528,440,345,
440, 6
439,528,529,441,346,
441, 6
440,529,530,442,347,
442, 6
441,530,531,443,348,
443, 6
442,531,532,444,349,
444, 6
443,532,533,445,350,
445, 6
444,533,534,446,351,
446, 6
445,534,535,447,352,
447, 6
446,535,536,448,353,
448, 6
447,536,537,449,354,
449, 6
448,537,538,450,355,
450, 6
449,538,451,357,356,
451, 6
450,538,539,452,358,
452, 6
451,539,540,453,359,
453, 6
452,540,541,454,360,
454, 6
453,541,542,455,361,
455, 6
454,542,543,456,362,
456, 6
455,543,544,457,363,
457, 6
456,544,545,458,364,
458, 6
457,545,546,459,365,
459, 6
458,546,547,460,366,
460, 6
459,547,548,461,367,
461, 6
460,548,549,462,368,
462, 6
461,549,550,463,369,
463, 6
462,550,551,464,370,
464, 6
463,551,552,465,371,
465, 6
464,552,466,373,372,
466, 6
465,552,553,467,374,
467, 6
466,553,554,468,375,
468, 6
467,554,555,469,376,
469, 6
468,555,556,470,377,
470, 6
469,556,557,471,378,
471, 6
470,557,558,472,379,
472, 6
471,558,559,473,380,
473, 6
472,559,560,474,381,
474, 6
473,560,561,475,382,
475, 6
474,561,562,476,383,
476, 6
475,562,563,477,384,
477, 6
476,563,564,478,385,
478, 6
477,564,565,479,386,
479, 6
478,565,566,480,387,
480, 6
479,566,481,389,388,
481, 6
480,566,567,482,390,
482, 6
481,567,568,483,391,
483, 6
482,568,569,484,392,
484, 6
483,569,570,485,393,
485, 6
484,570,571,486,394,
486, 6
485,571,572,487,395,
487, 6
486,572,573,488,396,
488, 6
487,573,574,489,397,
489, 6
488,574,575,490,398,
490, 6
489,575,576,491,399,
491, 6
490,576,577,492,400,
492, 6
491,577,578,493,401,
493, 6
492,578,579,494,402,
494, 6
493,579,580,495,403,
495, 6
494,580,496,405,404,
496, 6
495,580,581,497,406,
497, 6
496,581,582,498,407,
498, 6
497,582,583,499,408,
499, 6
498,583,584,500,409,
500, 6
499,584,585,501,410,
501, 6
500,585,586,502,411,
502, 6
501,586,587,503,412,
503, 6
502,587,588,504,413,
504, 6
503,588,589,505,414,
505, 6
504,589,590,506,415,
506, 6
505,590,591,507,416,
507, 6
506,591,592,508,417,
508, 6
507,592,593,509,418,
509, 6
508,593,510,420,419,
510, 6
509,593,594,511,421,
511, 6
510,594,595,512,422,
512, 6
511,595,596,513,423,
513, 6
512,596,597,514,424,
514, 6
513,597,598,515,425,
515, 6
514,598,599,516,426,
516, 6
515,599,600,517,427,
517, 6
516,600,601,518,428,
518, 6
517,601,602,519,429,
519, 6
518,602,603,520,430,
520, 6
519,603,604,521,431,
521, 6
520,604,605,522,432,
522, 6
521,605,606,523,433,
523, 6
522,606,607,524,434,
524, 6
523,607,525,436,435,
525, 6
524,607,608,526,437,
526, 6
525,608,609,527,438,
527, 6
526,609,610,528,439,
528, 6
527,610,611,529,440,
529, 6
528,611,612,530,441,
530, 6
529,612,613,531,442,
531, 6
530,613,614,532,443,
532, 6
531,614,615,533,444,
533, 6
532,615,616,534,445,
534, 6
533,616,617,535,446,
535, 6
534,617,618,536,447,
536, 6
535,618,619,537,448,
537, 6
536,619,620,538,449,
538, 6
537,620,539,451,450,
539, 6
538,620,621,540,452,
540, 6
539,621,622,541,453,
541, 6
540,622,623,542,454,
542, 6
541,623,624,543,455,
543, 6
542,624,625,544,456,
544, 6
543,625,626,545,457,
545, 6
544,626,627,546,458,
546, 6
545,627,628,547,459,
547, 6
546,628,629,548,460,
548, 6
547,629,630,549,461,
549, 6
548,630,631,550,462,
550, 6
549,631,632,551,463,
551, 6
550,632,633,552,464,
552, 6
551,633,553,466,465,
553, 6
552,633,634,554,467,
554, 6
553,634,635,555,468,
555, 6
554,635,636,556,469,
556, 6
555,636,637,557,470,
557, 6
556,637,638,558,471,
558, 6
557,638,639,559,472,
559, 6
558,639,640,560,473,
560, 6
559,640,641,561,474,
561, 6
560,641,642,562,475,
562, 6
561,642,643,563,476,
563, 6
562,643,644,564,477,
564, 6
563,644,645,565,478,
565, 6
564,645,646,566,479,
566, 6
565,646,567,481,480,
567, 6
566,646,647,568,482,
568, 6
567,647,648,569,483,
569, 6
568,648,649,570,484,
570, 6
569,649,650,571,485,
571, 6
570,650,651,572,486,
572, 6
571,651,652,573,487,
573, 6
572,652,653,574,488,
574, 6
573,653,654,575,489,
575, 6
574,654,655,576,490,
576, 6
575,655,656,577,491,
577, 6
576,656,657,578,492,
578, 6
577,657,658,579,493,
579, 6
578,658,659,580,494,
580, 6
579,659,581,496,495,
581, 6
580,659,660,582,497,
582, 6
581,660,661,583,498,
583, 6
582,661,662,584,499,
584, 6
583,662,663,585,500,
585, 6
584,663,664,586,501,
586, 6
585,664,665,587,502,
587, 6
586,665,666,588,503,
588, 6
587,666,667,589,504,
589, 6
588,667,668,590,505,
590, 6
589,668,669,591,506,
591, 6
590,669,670,592,507,
592, 6
591,670,671,593,508,
593, 6
592,671,594,510,509,
594, 6
593,671,672,595,511,
595, 6
594,672,673,596,512,
596, 6
595,673,674,597,513,
597, 6
596,674,675,598,514,
598, 6
597,675,676,599,515,
599, 6
598,676,677,600,516,
600, 6
599,677,678,601,517,
601, 6
600,678,679,602,518,
602, 6
601,679,680,603,519,
603, 6
602,680,681,604,520,
604, 6
603,681,682,605,521,
605, 6
604,682,683,606,522,
606, 6
605,683,684,607,523,
607, 6
606,684,608,525,524,
608, 6
607,684,685,609,526,
609, 6
608,685,686,610,527,
610, 6
609,686,687,611,528,
611, 6
610,687,688,612,529,
612, 6
611,688,689,613,530,
613, 6
612,689,690,614,531,
614, 6
613,690,691,615,532,
615, 6
614,691,692,616,533,
616, 6
615,692,693,617,534,
617, 6
616,693,694,618,535,
618, 6
617,694,695,619,536,
619, 6
618,695,696,620,537,
620, 6
619,696,621,539,538,
621, 6
620,696,697,622,540,
622, 6
621,697,698,623,541,
623, 6
622,698,699,624,542,
624, 6
623,699,700,625,543,
625, 6
624,700,701,626,544,
626, 6
625,701,702,627,545,
627, 6
626,702,703,628,546,
628, 6
627,703,704,629,547,
629, 6
628,704,705,630,548,
630, 6
629,705,706,631,549,
631, 6
630,706,707,632,550,
632, 6
631,707,708,633,551,
633, 6
632,708,634,553,552,
634, 6
633,708,709,635,554,
635, 6
634,709,710,636,555,
636, 6
635,710,711,637,556,
637, 6
636,711,712,638,557,
638, 6
637,712,713,639,558,
639, 6
638,713,714,640,559,
640, 6
639,714,715,641,560,
641, 6
640,715,716,642,561,
642, 6
641,716,717,643,562,
643, 6
642,717,718,644,563,
644, 6
643,718,719,645,564,
645, 6
644,719,720,646,565,
646, 6
645,720,647,567,566,
647, 6
646,720,721,648,568,
648, 6
647,721,722,649,569,
649, 6
648,722,723,650,570,
650, 6
649,723,724,651,571,
651, 6
650,724,725,652,572,
652, 6
651,725,726,653,573,
653, 6
652,726,727,654,574,
654, 6
653,727,728,655,575,
655, 6
654,728,729,656,576,
656, 6
655,729,730,657,577,
657, 6
656,730,731,658,578,
658, 6
657,731,732,659,579,
659, 6
658,732,660,581,580,
660, 6
659,732,733,661,582,
661, 6
660,733,734,662,583,
662, 6
661,734,735,663,584,
663, 6
662,735,736,664,585,
664, 6
663,736,737,665,586,
665, 6
664,737,738,666,587,
666, 6
665,738,739,667,588,
667, 6
666,739,740,668,589,
668, 6
667,740,741,669,590,
669, 6
668,741,742,670,591,
670, 6
669,742,743,671,592,
671, 6
670,743,672,594,593,
672, 6
671,743,744,673,595,
673, 6
672,744,745,674,596,
674, 6
673,745,746,675,597,
675, 6
674,746,747,676,598,
676, 6
675,747,748,677,599,
677, 6
676,748,749,678,600,
678, 6
677,749,750,679,601,
679, 6
678,750,751,680,602,
680, 6
679,751,752,681,603,
681, 6
680,752,753,682,604,
682, 6
681,753,754,683,605,
683, 6
682,754,755,684,606,
684, 6
683,755,685,608,607,
685, 6
684,755,756,686,609,
686, 6
685,756,757,687,610,
687, 6
686,757,758,688,611,
688, 6
687,758,759,689,612,
689, 6
688,759,760,690,613,
690, 6
689,760,761,691,614,
691, 6
690,761,762,692,615,
692, 6
691,762,763,693,616,
693, 6
692,763,764,694,617,
694, 6
693,764,765,695,618,
695, 6
694,765,766,696,619,
696, 6
695,766,697,621,620,
697, 6
696,766,767,698,622,
698, 6
697,767,768,699,623,
699, 6
698,768,769,700,624,
700, 6
699,769,770,701,625,
701, 6
700,770,771,702,626,
702, 6
701,771,772,703,627,
703, 6
702,772,773,704,628,
704, 6
703,773,774,705,629,
705, 6
704,774,775,706,630,
706, 6
705,775,776,707,631,
707, 6
706,776,777,708,632,
708, 6
707,777,709,634,633,
709, 6
708,777,778,710,635,
710, 6
709,778,779,711,636,
711, 6
710,779,780,712,637,
712, 6
711,780,781,713,638,
713, 6
712,781,782,714,639,
714, 6
713,782,783,715,640,
715, 6
714,783,784,716,641,
716, 6
715,784,785,717,642,
717, 6
716,785,786,718,643,
718, 6
717,786,787,719,644,
719, 6
718,787,788,720,645,
720, 6
719,788,721,647,646,
721, 6
720,788,789,722,648,
722, 6
721,789,790,723,649,
723, 6
722,790,791,724,650,
724, 6
723,791,792,725,651,
725, 6
724,792,793,726,652,
726, 6
725,793,794,727,653,
727, 6
726,794,795,728,654,
728, 6
727,795,796,729,655,
729, 6
728,796,797,730,656,
730, 6
729,797,798,731,657,
731, 6
730,798,799,732,658,
732, 6
731,799,733,660,659,
733, 6
732,799,800,734,661,
734, 6
733,800,801,735,662,
735, 6
734,801,802,736,663,
736, 6
735,802,803,737,664,
737, 6
736,803,804,738,665,
738, 6
737,804,805,739,666,
739, 6
738,805,806,740,667,
740, 6
739,806,807,741,668,
741, 6
740,807,808,742,669,
742, 6
741,808,809,743,670,
743, 6
742,809,744,672,671,
744, 6
743,809,810,745,673,
745, 6
744,810,811,746,674,
746, 6
745,811,812,747,675,
747, 6
746,812,813,748,676,
748, 6
747,813,814,749,677,
749, 6
748,814,815,750,678,
750, 6
749,815,816,751,679,
751, 6
750,816,817,752,680,
752, 6
751,817,818,753,681,
753, 6
752,818,819,754,682,
754, 6
753,819,820,755,683,
755, 6
754,820,756,685,684,
756, 6
755,820,821,757,686,
757, 6
756,821,822,758,687,
758, 6
757,822,823,759,688,
759, 6
758,823,824,760,689,
760, 6
759,824,825,761,690,
761, 6
760,825,826,762,691,
762, 6
761,826,827,763,692,
763, 6
762,827,828,764,693,
764, 6
763,828,829,765,694,
765, 6
764,829,830,766,695,
766, 6
765,830,767,697,696,
767, 6
766,830,831,768,698,
768, 6
767,831,832,769,699,
769, 6
768,832,833,770,700,
770, 6
769,833,834,771,701,
771, 6
770,834,835,772,702,
772, 6
771,835,836,773,703,
773, 6
772,836,837,774,704,
774, 6
773,837,838,775,705,
775, 6
774,838,839,776,706,
776, 6
775,839,840,777,707,
777, 6
776,840,778,709,708,
778, 6
777,840,841,779,710,
779, 6
778,841,842,780,711,
780, 6
779,842,843,781,712,
781, 6
780,843,844,782,713,
782, 6
781,844,845,783,714,
783, 6
782,845,846,784,715,
784, 6
783,846,847,785,716,
785, 6
784,847,848,786,717,
786, 6
785,848,849,787,718,
787, 6
786,849,850,788,719,
788, 6
787,850,789,721,720,
789, 6
788,850,851,790,722,
790, 6
789,851,852,791,723,
791, 6
790,852,853,792,724,
792, 6
791,853,854,793,725,
793, 6
792,854,855,794,726,
794, 6
793,855,856,795,727,
795, 6
794,856,857,796,728,
796, 6
795,857,858,797,729,
797, 6
796,858,859,798,730,
798, 6
797,859,860,799,731,
799, 6
798,860,800,733,732,
800, 6
799,860,861,801,734,
801, 6
800,861,862,802,735,
802, 6
801,862,863,803,736,
803, 6
802,863,864,804,737,
804, 6
803,864,865,805,738,
805, 6
804,865,866,806,739,
806, 6
805,866,867,807,740,
807, 6
806,867,868,808,741,
808, 6
807,868,869,809,742,
809, 6
808,869,810,744,743,
810, 6
809,869,870,811,745,
811, 6
810,870,871,812,746,
812, 6
811,871,872,813,747,
813, 6
812,872,873,814,748,
814, 6
813,873,874,815,749,
815, 6
814,874,875,816,750,
816, 6
815,875,876,817,751,
817, 6
816,876,877,818,752,
818, 6
817,877,878,819,753,
819, 6
818,878,879,820,754,
820, 6
819,879,821,756,755,
821, 6
820,879,880,822,757,
822, 6
821,880,881,823,758,
823, 6
822,881,882,824,759,
824, 6
823,882,883,825,760,
825, 6
824,883,884,826,761,
826, 6
825,884,885,827,762,
827, 6
826,885,886,828,763,
828, 6
827,886,887,829,764,
829, 6
828,887,888,830,765,
830, 6
829,888,831,767,766,
831, 6
830,888,889,832,768,
832, 6
831,889,890,833,769,
833, 6
832,890,891,834,770,
834, 6
833,891,892,835,771,
835, 6
834,892,893,836,772,
836, 6
835,893,894,837,773,
837, 6
836,894,895,838,774,
838, 6
837,895,896,839,775,
839, 6
838,896,897,840,776,
840, 6
839,897,841,778,777,
841, 6
840,897,898,842,779,
842, 6
841,898,899,843,780,
843, 6
842,899,900,844,781,
844, 6
843,900,901,845,782,
845, 6
844,901,902,846,783,
846, 6
845,902,903,847,784,
847, 6
846,903,904,848,785,
848, 6
847,904,905,849,786,
849, 6
848,905,906,850,787,
850, 6
849,906,851,789,788,
851, 6
850,906,907,852,790,
852, 6
851,907,908,853,791,
853, 6
852,908,909,854,792,
854, 6
853,909,910,855,793,
855, 6
854,910,911,856,794,
856, 6
855,911,912,857,795,
857, 6
856,912,913,858,796,
858, 6
857,913,914,859,797,
859, 6
858,914,915,860,798,
860, 6
859,915,861,800,799,
861, 6
860,915,916,862,801,
862, 6
861,916,917,863,802,
863, 6
862,917,918,864,803,
864, 6
863,918,919,865,804,
865, 6
864,919,920,866,805,
866, 6
865,920,921,867,806,
867, 6
866,921,922,868,807,
868, 6
867,922,923,869,808,
869, 6
868,923,870,810,809,
870, 6
869,923,924,871,811,
871, 6
870,924,925,872,812,
872, 6
871,925,926,873,813,
873, 6
872,926,927,874,814,
874, 6
873,927,928,875,815,
875, 6
874,928,929,876,816,
876, 6
875,929,930,877,817,
877, 6
876,930,931,878,818,
878, 6
877,931,932,879,819,
879, 6
878,932,880,821,820,
880, 6
879,932,933,881,822,
881, 6
880,933,934,882,823,
882, 6
881,934,935,883,824,
883, 6
882,935,936,884,825,
884, 6
883,936,937,885,826,
885, 6
884,937,938,886,827,
886, 6
885,938,939,887,828,
887, 6
886,939,940,888,829,
888, 6
887,940,889,831,830,
889, 6
888,940,941,890,832,
890, 6
889,941,942,891,833,
891, 6
890,942,943,892,834,
892, 6
891,943,944,893,835,
893, 6
892,944,945,894,836,
894, 6
893,945,946,895,837,
895, 6
894,946,947,896,838,
896, 6
895,947,948,897,839,
897, 6
896,948,898,841,840,
898, 6
897,948,949,899,842,
899, 6
898,949,950,900,843,
900, 6
899,950,951,901,844,
901, 6
900,951,952,902,845,
902, 6
901,952,953,903,846,
903, 6
902,953,954,904,847,
904, 6
903,954,955,905,848,
905, 6
904,955,956,906,849,
906, 6
905,956,907,851,850,
907, 6
906,956,957,908,852,
908, 6
907,957,958,909,853,
909, 6
908,958,959,910,854,
910, 6
909,959,960,911,855,
911, 6
910,960,961,912,856,
912, 6
911,961,962,913,857,
913, 6
912,962,963,914,858,
914, 6
913,963,964,915,859,
915, 6
914,964,916,861,860,
916, 6
915,964,965,917,862,
917, 6
916,965,966,918,863,
918, 6
917,966,967,919,864,
919, 6
918,967,968,920,865,
920, 6
919,968,969,921,866,
921, 6
920,969,970,922,867,
922, 6
921,970,971,923,868,
923, 6
922,971,924,870,869,
924, 6
923,971,972,925,871,
925, 6
924,972,973,926,872,
926, 6
925,973,974,927,873,
927, 6
926,974,975,928,874,
928, 6
927,975,976,929,875,
929, 6
928,976,977,930,876,
930, 6
929,977,978,931,877,
931, 6
930,978,979,932,878,
932, 6
931,979,933,880,879,
933, 6
932,979,980,934,881,
934, 6
933,980,981,935,882,
935, 6
934,981,982,936,883,
936, 6
935,982,983,937,884,
937, 6
936,983,984,938,885,
938, 6
937,984,985,939,886,
939, 6
938,985,986,940,887,
940, 6
939,986,941,889,888,
941, 6
940,986,987,942,890,
942, 6
941,987,988,943,891,
943, 6
942,988,989,944,892,
944, 6
943,989,990,945,893,
945, 6
944,990,991,946,894,
946, 6
945,991,992,947,895,
947, 6
946,992,993,948,896,
948, 6
947,993,949,898,897,
949, 6
948,993,994,950,899,
950, 6
949,994,995,951,900,
951, 6
950,995,996,952,901,
952, 6
951,996,997,953,902,
953, 6
952,997,998,954,903,
954, 6
953,998,999,955,904,
955, 6
954,999,1000,956,905,
956, 6
955,1000,957,907,906,
957, 6
956,1000,1001,958,908,
958, 6
957,1001,1002,959,909,
959, 6
958,1002,1003,960,910,
960, 6
959,1003,1004,961,911,
961, 6
960,1004,1005,962,912,
962, 6
961,1005,1006,963,913,
963, 6
962,1006,1007,964,914,
964, 6
963,1007,965,916,915,
965, 6
964,1007,1008,966,917,
966, 6
965,1008,1009,967,918,
967, 6
966,1009,1010,968,919,
968, 6
967,1010,1011,969,920,
969, 6
968,1011,1012,970,921,
970, 6
969,1012,1013,971,922,
971, 6
970,1013,972,924,923,
972, 6
971,1013,1014,973,925,
973, 6
972,1014,1015,974,926,
974, 6
973,1015,1016,975,927,
975, 6
974,1016,1017,976,928,
976, 6
975,1017,1018,977,929,
977, 6
976,1018,1019,978,930,
978, 6
977,1019,1020,979,931,
979, 6
978,1020,980,933,932,
980, 6
979,1020,1021,981,934,
981, 6
980,1021,1022,982,935,
982, 6
981,1022,1023,983,936,
983, 6
982,1023,1024,984,937,
984, 6
983,1024,1025,985,938,
985, 6
984,1025,1026,986,939,
986, 6
985,1026,987,941,940,
987, 6
986,1026,1027,988,942,
988, 6
987,1027,1028,989,943,
989, 6
988,1028,1029,990,944,
990, 6
989,1029,1030,991,945,
991, 6
990,1030,1031,992,946,
992, 6
991,1031,1032,993,947,
993, 6
992,1032,994,949,948,
994, 6
993,1032,1033,995,950,
995, 6
994,1033,1034,996,951,
996, 6
995,1034,1035,997,952,
997, 6
996,1035,1036,998,953,
998, 6
997,1036,1037,999,954,
999, 6
998,1037,1038,1000,955,
1000, 6
999,1038,1001,957,956,
1001, 6
1000,1038,1039,1002,958,
1002, 6
1001,1039,1040,1003,959,
1003, 6
1002,1040,1041,1004,960,
1004, 6
1003,1041,1042,1005,961,
1005, 6
1004,1042,1043,1006,962,
1006, 6
1005,1043,1044,1007,963,
1007, 6
1006,1044,1008,965,964,
1008, 6
1007,1044,1045,1009,966,
1009, 6
1008,1045,1046,1010,967,
1010, 6
1009,1046,1047,1011,968,
1011, 6
1010,1047,1048,1012,969,
1012, 6
1011,1048,1049,1013,970,
1013, 6
1012,1049,1014,972,971,
1014, 6
1013,1049,1050,1015,973,
1015, 6
1014,1394,1393,1403,974,
1016, 6
1403,1402,1401,1017,975,
1017, 6
1016,1052,1053,1018,976,
1018, 6
1017,1334,1333,1343,977,
1019, 6
1343,1342,1341,1020,978,
1020, 6
1019,1055,1021,980,979,
1021, 6
1020,1055,1056,1022,981,
1022, 6
1021,1056,1057,1023,982,
1023, 6
1022,1057,1058,1024,983,
1024, 6
1023,1058,1059,1025,984,
1025, 6
1024,1059,1060,1026,985,
1026, 6
1025,1060,1027,987,986,
1027, 6
1026,1379,1378,1388,988,
1028, 6
1388,1387,1386,1029,989,
1029, 6
1028,1062,1063,1030,990,
1030, 6
1029,1409,1408,1418,991,
1031, 6
1418,1417,1416,1032,992,
1032, 6
1031,1065,1033,994,993,
1033, 6
1032,1065,1066,1034,995,
1034, 6
1033,1066,1067,1035,996,
1035, 6
1034,1067,1068,1036,997,
1036, 6
1035,1349,1348,1358,998,
1037, 6
1358,1357,1356,1038,999,
1038, 6
1037,1070,1039,1001,1000,
1039, 6
1038,1070,1071,1040,1002,
1040, 6
1039,1071,1072,1041,1003,
1041, 6
1040,1072,1073,1042,1004,
1042, 6
1041,1364,1363,1373,1005,
1043, 6
1373,1372,1371,1044,1006,
1044, 6
1043,1075,1045,1008,1007,
1045, 6
1044,1075,1076,1046,1009,
1046, 6
1045,1076,1077,1047,1010,
1047, 6
1046,1077,1078,1048,1011,
1048, 6
1047,1078,1079,1049,1012,
1049, 6
1048,1079,1050,1014,1013,
1050, 6
1049,1404,1396,1395,1394,
1051, 6
1395,1397,1398,1400,1402,
1052, 6
1400,1399,1082,1053,1017,
1053, 6
1052,1082,1336,1335,1334,
1054, 6
1335,1337,1338,1340,1342,
1055, 6
1340,1339,1347,1021,1020,
1056, 6
1347,1232,1231,1241,1022,
1057, 6
1241,1240,1239,1058,1023,
1058, 6
1057,1295,1294,1304,1024,
1059, 6
1304,1303,1302,1392,1025,
1060, 6
1392,1381,1380,1379,1026,
1061, 6
1380,1382,1383,1385,1387,
1062, 6
1385,1384,1090,1063,1029,
1063, 6
1062,1090,1411,1410,1409,
1064, 6
1410,1412,1413,1415,1417,
1065, 6
1415,1414,1422,1033,1032,
1066, 6
1422,1247,1246,1256,1034,
1067, 6
1256,1255,1254,1068,1035,
1068, 6
1067,1094,1351,1350,1349,
1069, 6
1350,1352,1353,1355,1357,
1070, 6
1355,1354,1362,1039,1038,
1071, 6
1362,1258,1257,1267,1040,
1072, 6
1267,1266,1265,1427,1041,
1073, 6
1427,1426,1366,1365,1364,
1074, 6
1365,1367,1368,1370,1372,
1075, 6
1370,1369,1377,1045,1044,
1076, 6
1377,1142,1141,1152,1046,
1077, 6
1152,1151,1150,1078,1047,
1078, 6
1077,1269,1268,1278,1048,
1079, 6
1278,1277,1276,1404,1049,
1080, 6
1276,1405,1407,1282,1397,
1081, 6
1282,1199,1198,1204,1399,
1082, 6
1204,1154,1153,1164,1053,
1083, 6
1164,1163,1162,1245,1337,
1084, 6
1245,1344,1346,1232,1339,
1085, 6
1233,1235,1236,1238,1240,
1086, 6
1238,1237,1297,1296,1295,
1087, 6
1296,1298,1299,1301,1303,
1088, 6
1389,1391,1308,1382,1381,
1089, 6
1308,1206,1205,1216,1384,
1090, 6
1216,1215,1214,1091,1063,
1091, 6
1090,1284,1283,1289,1412,
1092, 6
1289,1419,1421,1247,1414,
1093, 6
1248,1250,1252,1253,1255,
1094, 6
1253,1166,1165,1176,1068,
1095, 6
1176,1175,1174,1293,1352,
1096, 6
1293,1359,1361,1258,1354,
1097, 6
1259,1261,1262,1264,1266,
1098, 6
1264,1263,1424,1425,1426,
1099, 6
1425,1178,1177,1183,1367,
1100, 6
1183,1374,1376,1142,1369,
1101, 6
1143,1145,1147,1149,1151,
1102, 6
1149,1148,1271,1270,1269,
1103, 6
1270,1272,1273,1275,1277,
1104, 6
1273,1217,1279,1281,1199,
1105, 6
1200,1202,1156,1155,1154,
1106, 6
1155,1157,1159,1161,1163,
1107, 6
1242,1244,1190,1235,1234,
1108, 6
1190,1582,1581,1566,1237,
1109, 6
1566,1614,1613,1230,1298,
1110, 6
1230,1305,1307,1206,1300,
1111, 6
1207,1209,1211,1213,1215,
1112, 6
1213,1212,1286,1285,1284,
1113, 6
1285,1287,1251,1250,1249,
1114, 6
1251,1288,1168,1167,1166,
1115, 6
1167,1169,1171,1173,1175,
1116, 6
1290,1292,1197,1261,1260,
1117, 6
1197,1628,1627,1632,1263,
1118, 6
1423,1428,1180,1179,1178,
1119, 6
1179,1181,1146,1145,1144,
1120, 6
1146,1182,1310,1314,1148,
1121, 6
1314,1551,1550,1217,1272,
1122, 6
1555,1554,1444,1443,1442,
1123, 6
1437,1448,1454,1655,1654,
1124, 6
1649,1575,1574,1580,1160,
1125, 6
1559,1561,1563,1565,1583,
1126, 6
1599,1598,1607,1209,1208,
1127, 6
1323,1608,1609,1327,1212,
1128, 6
1536,1535,1332,1288,1287,
1129, 6
1332,1461,1460,1170,1169,
1130, 6
1586,1585,1595,1626,1172,
1131, 6
1597,1596,1529,1528,1534,
1132, 6
1524,1523,1522,1182,1181,
1133, 6
1309,1312,1556,1546,1545,
1134, 6
1643,1642,1648,1450,1730,
1135, 6
1659,1660,1434,1571,1570,
1136, 6
1602,1498,1491,1490,1489,
1137, 6
1485,1484,1495,1456,1455,
1138, 6
1590,1514,1509,1508,1507,
1139, 6
1503,1502,1473,1472,1471,
1140, 6
1680,1675,1662,1661,1672,
1141, 6
1142,1143,1101,1151,1152,
1142, 6
1143,1141,1076,1377,1369,
1143, 6
1141,1142,1376,1375,1145,
1144, 6
1145,1375,1374,1183,1177,
1145, 6
1143,1144,1119,1146,1147,
1146, 6
1147,1145,1119,1181,1182,
1147, 6
1145,1146,1120,1148,1149,
1148, 5
1149,1147,1120,1121,
1149, 6
1147,1148,1102,1150,1151,
1150, 5
1151,1149,1102,1078,
1151, 6
1149,1150,1077,1152,1141,
1152, 5
1141,1151,1077,1046,
1153, 6
1154,1155,1106,1163,1164,
1154, 6
1155,1153,1082,1204,1198,
1155, 6
1153,1154,1105,1156,1157,
1156, 6
1157,1155,1105,1440,1439,
1157, 6
1155,1156,1654,1653,1652,
1158, 6
1651,1653,1655,1656,1658,
1159, 6
1652,1651,1650,1160,1161,
1160, 6
1243,1159,1124,1189,1190,
1161, 6
1159,1243,1242,1162,1163,
1162, 6
1163,1161,1107,1234,1245,
1163, 6
1161,1162,1083,1164,1153,
1164, 5
1153,1163,1083,1053,
1165, 6
1166,1167,1115,1175,1176,
1166, 6
1167,1165,1094,1253,1252,
1167, 6
1165,1166,1114,1168,1169,
1168, 5
1169,1167,1114,1128,
1169, 6
1167,1168,1129,1170,1171,
1170, 6
1171,1169,1129,1588,1587,
1171, 6
1169,1170,1130,1172,1173,
1172, 6
1291,1171,1130,1196,1197,
1173, 6
1171,1291,1290,1174,1175,
1174, 6
1175,1173,1116,1260,1293,
1175, 6
1173,1174,1095,1176,1165,
1176, 5
1165,1175,1095,1068,
1177, 6
1178,1179,1119,1144,1183,
1178, 6
1179,1177,1099,1425,1424,
1179, 6
1177,1178,1118,1180,1181,
1180, 6
1181,1179,1118,1532,1531,
1181, 6
1179,1180,1132,1182,1146,
1182, 6
1146,1181,1132,1309,1310,
1183, 6
1177,1144,1100,1368,1367,
1184, 6
1657,1656,1454,1453,1452,
1185, 6
1658,1657,1569,1568,1567,
1186, 6
1560,1568,1570,1572,1562,
1187, 6
1567,1560,1559,1577,1579,
1188, 6
1578,1577,1576,1584,1566,
1189, 6
1579,1578,1582,1190,1160,
1190, 6
1160,1189,1108,1236,1235,
1191, 6
1589,1588,1460,1459,1458,
1192, 6
1587,1589,1591,1592,1594,
1193, 6
1593,1592,1507,1506,1505,
1194, 6
1619,1621,1597,1623,1625,
1195, 6
1624,1623,1622,1629,1631,
1196, 6
1625,1624,1628,1197,1172,
1197, 6
1172,1196,1117,1262,1261,
1198, 6
1199,1200,1105,1154,1204,
1199, 6
1200,1198,1081,1282,1274,
1200, 6
1198,1199,1281,1280,1202,
1201, 6
1202,1280,1279,1217,1218,
1202, 6
1200,1201,1442,1441,1440,
1203, 6
1439,1441,1443,1445,1447,
1204, 5
1198,1154,1082,1052,
1205, 6
1206,1207,1111,1215,1216,
1206, 6
1207,1205,1089,1308,1300,
1207, 6
1205,1206,1307,1306,1209,
1208, 6
1209,1306,1305,1230,1224,
1209, 6
1207,1208,1126,1210,1211,
1210, 6
1322,1209,1607,1606,1605,
1211, 6
1209,1322,1321,1212,1213,
1212, 6
1213,1211,1127,1327,1286,
1213, 6
1211,1212,1112,1214,1215,
1214, 5
1215,1213,1112,1091,
1215, 6
1213,1214,1090,1216,1205,
1216, 5
1205,1215,1090,1062,
1217, 6
1218,1201,1104,1273,1272,
1218, 6
1201,1217,1550,1549,1548,
1219, 6
1547,1549,1551,1314,1552,
1220, 6
1548,1547,1546,1557,1558,
1221, 6
1735,1740,1556,1469,1639,
1222, 6
1736,1725,1724,1734,1445,
1223, 6
1447,1446,1449,1451,1453,
1224, 6
1612,1611,1615,1208,1230,
1225, 6
1610,1612,1614,1566,1584,
1226, 6
1611,1610,1565,1616,1618,
1227, 6
1601,1564,1563,1562,1573,
1228, 6
1600,1601,1603,1604,1606,
1229, 6
1605,1604,1489,1488,1487,
1230, 6
1224,1208,1110,1299,1298,
1231, 6
1232,1233,1085,1240,1241,
1232, 6
1233,1231,1056,1347,1339,
1233, 6
1231,1232,1346,1345,1235,
1234, 6
1235,1345,1344,1245,1162,
1235, 6
1233,1234,1107,1190,1236,
1236, 6
1235,1190,1108,1237,1238,
1237, 5
1238,1236,1108,1109,
1238, 6
1236,1237,1086,1239,1240,
1239, 5
1240,1238,1086,1058,
1240, 6
1238,1239,1057,1241,1231,
1241, 5
1231,1240,1057,1022,
1242, 5
1243,1244,1107,1162,
1243, 5
1244,1242,1161,1159,
1244, 5
1242,1243,1160,1190,
1245, 6
1162,1234,1084,1338,1337,
1246, 6
1247,1248,1093,1255,1256,
1247, 6
1248,1246,1066,1422,1414,
1248, 6
1246,1247,1421,1420,1250,
1249, 6
1250,1420,1419,1289,1283,
1250, 6
1248,1249,1113,1251,1252,
1251, 6
1252,1250,1113,1287,1288,
1252, 6
1250,1251,1114,1166,1253,
1253, 6
1252,1166,1094,1254,1255,
1254, 5
1255,1253,1094,1068,
1255, 6
1253,1254,1067,1256,1246,
1256, 5
1246,1255,1067,1034,
1257, 6
1258,1259,1097,1266,1267,
1258, 6
1259,1257,1071,1362,1354,
1259, 6
1257,1258,1361,1360,1261,
1260, 6
1261,1360,1359,1293,1174,
1261, 6
1259,1260,1116,1197,1262,
1262, 6
1261,1197,1117,1263,1264,
1263, 6
1264,1262,1117,1423,1424,
1264, 6
1262,1263,1098,1265,1266,
1265, 6
1266,1264,1098,1426,1427,
1266, 6
1264,1265,1072,1267,1257,
1267, 5
1257,1266,1072,1040,
1268, 6
1269,1270,1103,1277,1278,
1269, 5
1270,1268,1078,1077,
1270, 6
1268,1269,1102,1271,1272,
1271, 5
1272,1270,1102,1120,
1272, 6
1270,1271,1121,1217,1273,
1273, 6
1272,1217,1104,1274,1275,
1274, 6
1406,1273,1104,1199,1282,
1275, 6
1273,1406,1405,1276,1277,
1276, 6
1277,1275,1080,1396,1404,
1277, 6
1275,1276,1079,1278,1268,
1278, 5
1268,1277,1079,1048,
1279, 5
1280,1281,1104,1217,
1280, 5
1281,1279,1201,1202,
1281, 5
1279,1280,1200,1199,
1282, 6
1274,1199,1081,1398,1397,
1283, 6
1284,1285,1113,1249,1289,
1284, 5
1285,1283,1091,1090,
1285, 6
1283,1284,1112,1286,1287,
1286, 6
1287,1285,1112,1212,1327,
1287, 6
1285,1286,1128,1288,1251,
1288, 5
1251,1287,1128,1129,
1289, 6
1283,1249,1092,1413,1412,
1290, 5
1291,1292,1116,1174,
1291, 5
1292,1290,1173,1171,
1292, 5
1290,1291,1172,1197,
1293, 6
1174,1260,1096,1353,1352,
1294, 6
1295,1296,1087,1303,1304,
1295, 5
1296,1294,1058,1057,
1296, 6
1294,1295,1086,1297,1298,
1297, 5
1298,1296,1086,1108,
1298, 6
1296,1297,1109,1230,1299,
1299, 6
1298,1230,1110,1300,1301,
1300, 6
1390,1299,1110,1206,1308,
1301, 6
1299,1390,1389,1302,1303,
1302, 6
1303,1301,1088,1381,1392,
1303, 6
1301,1302,1059,1304,1294,
1304, 5
1294,1303,1059,1024,
1305, 5
1306,1307,1110,1230,
1306, 5
1307,1305,1208,1209,
1307, 5
1305,1306,1207,1206,
1308, 6
1300,1206,1089,1383,1382,
1309, 6
1310,1182,1522,1521,1520,
1310, 6
1182,1309,1553,1552,1314,
1311, 6
1518,1521,1523,1525,1527,
1312, 6
1520,1518,1471,1470,1469,
1313, 6
1633,1641,1712,1711,1644,
1314, 5
1310,1219,1121,1102,
1315, 6
1526,1525,1524,1531,1533,
1316, 6
1527,1526,1529,1505,1504,
1317, 6
1504,1506,1508,1705,1704,
1318, 6
1702,1701,1509,1515,1517,
1319, 6
1697,1687,1686,1685,1716,
1320, 6
1720,1692,1691,1696,1483,
1321, 5
1322,1323,1127,1212,
1322, 5
1323,1321,1211,1209,
1323, 6
1321,1322,1210,1605,1608,
1324, 6
1486,1488,1742,1741,1751,
1325, 6
1487,1486,1485,1539,1538,
1326, 6
1540,1542,1544,1462,1332,
1327, 6
1538,1537,1536,1286,1212,
1328, 6
1666,1747,1746,1499,1668,
1329, 6
1752,1674,1673,1679,1516,
1330, 6
1516,1515,1514,1458,1457,
1331, 6
1466,1468,1461,1332,1462,
1332, 5
1326,1331,1129,1114,
1333, 6
1334,1335,1054,1342,1343,
1334, 5
1335,1333,1018,1017,
1335, 6
1333,1334,1053,1336,1337,
1336, 5
1337,1335,1053,1082,
1337, 6
1335,1336,1083,1245,1338,
1338, 6
1337,1245,1084,1339,1340,
1339, 6
1340,1338,1084,1232,1347,
1340, 6
1338,1339,1055,1341,1342,
1341, 5
1342,1340,1055,1020,
1342, 6
1340,1341,1019,1343,1333,
1343, 5
1333,1342,1019,977,
1344, 5
1345,1346,1084,1245,
1345, 5
1346,1344,1234,1235,
1346, 5
1344,1345,1233,1232,
1347, 5
1339,1232,1056,1021,
1348, 6
1349,1350,1069,1357,1358,
1349, 5
1350,1348,1036,1035,
1350, 6
1348,1349,1068,1351,1352,
1351, 5
1352,1350,1068,1094,
1352, 6
1350,1351,1095,1293,1353,
1353, 6
1352,1293,1096,1354,1355,
1354, 6
1355,1353,1096,1258,1362,
1355, 6
1353,1354,1070,1356,1357,
1356, 5
1357,1355,1070,1038,
1357, 6
1355,1356,1037,1358,1348,
1358, 5
1348,1357,1037,998,
1359, 5
1360,1361,1096,1293,
1360, 5
1361,1359,1260,1261,
1361, 5
1359,1360,1259,1258,
1362, 5
1354,1258,1071,1039,
1363, 6
1364,1365,1074,1372,1373,
1364, 5
1365,1363,1042,1041,
1365, 6
1363,1364,1073,1366,1367,
1366, 6
1367,1365,1073,1426,1425,
1367, 6
1365,1366,1099,1183,1368,
1368, 6
1367,1183,1100,1369,1370,
1369, 6
1370,1368,1100,1142,1377,
1370, 6
1368,1369,1075,1371,1372,
1371, 5
1372,1370,1075,1044,
1372, 6
1370,1371,1043,1373,1363,
1373, 5
1363,1372,1043,1005,
1374, 5
1375,1376,1100,1183,
1375, 5
1376,1374,1144,1145,
1376, 5
1374,1375,1143,1142,
1377, 5
1369,1142,1076,1045,
1378, 6
1379,1380,1061,1387,1388,
1379, 5
1380,1378,1027,1026,
1380, 6
1378,1379,1060,1381,1382,
1381, 6
1382,1380,1060,1392,1302,
1382, 6
1380,1381,1088,1308,1383,
1383, 6
1382,1308,1089,1384,1385,
1384, 5
1385,1383,1089,1090,
1385, 6
1383,1384,1062,1386,1387,
1386, 5
1387,1385,1062,1029,
1387, 6
1385,1386,1028,1388,1378,
1388, 5
1378,1387,1028,988,
1389, 5
1390,1391,1088,1302,
1390, 5
1391,1389,1301,1299,
1391, 5
1389,1390,1300,1308,
1392, 5
1302,1381,1060,1025,
1393, 6
1394,1395,1051,1402,1403,
1394, 5
1395,1393,1015,1014,
1395, 6
1393,1394,1050,1396,1397,
1396, 6
1397,1395,1050,1404,1276,
1397, 6
1395,1396,1080,1282,1398,
1398, 6
1397,1282,1081,1399,1400,
1399, 5
1400,1398,1081,1082,
1400, 6
1398,1399,1052,1401,1402,
1401, 5
1402,1400,1052,1017,
1402, 6
1400,1401,1016,1403,1393,
1403, 5
1393,1402,1016,974,
1404, 5
1276,1396,1050,1049,
1405, 5
1406,1407,1080,1276,
1406, 5
1407,1405,1275,1273,
1407, 5
1405,1406,1274,1282,
1408, 6
1409,1410,1064,1417,1418,
1409, 5
1410,1408,1030,1029,
1410, 6
1408,1409,1063,1411,1412,
1411, 5
1412,1410,1063,1090,
1412, 6
1410,1411,1091,1289,1413,
1413, 6
1412,1289,1092,1414,1415,
1414, 6
1415,1413,1092,1247,1422,
1415, 6
1413,1414,1065,1416,1417,
1416, 5
1417,1415,1065,1032,
1417, 6
1415,1416,1031,1418,1408,
1418, 5
1408,1417,1031,991,
1419, 5
1420,1421,1092,1289,
1420, 5
1421,1419,1249,1250,
1421, 5
1419,1420,1248,1247,
1422, 5
1414,1247,1066,1033,
1423, 6
1424,1263,1632,1631,1630,
1424, 6
1263,1423,1118,1178,1425,
1425, 6
1424,1178,1099,1366,1426,
1426, 6
1425,1366,1073,1427,1265,
1427, 5
1265,1426,1073,1041,
1428, 6
1630,1629,1534,1533,1532,
1429, 6
1726,1728,1729,1731,1733,
1430, 6
1727,1726,1725,1737,1739,
1431, 6
1728,1727,1638,1637,1636,
1432, 6
1635,1637,1639,1469,1640,
1433, 6
1636,1635,1634,1645,1647,
1434, 6
1482,1481,1480,1501,1500,
1435, 6
1483,1482,1660,1452,1451,
1436, 6
1500,1499,1498,1573,1572,
1437, 6
1438,1439,1203,1447,1448,
1438, 5
1439,1437,1123,1157,
1439, 6
1437,1438,1156,1440,1441,
1440, 5
1441,1439,1156,1105,
1441, 6
1439,1440,1202,1442,1443,
1442, 5
1443,1441,1202,1201,
1443, 6
1441,1442,1122,1444,1445,
1444, 6
1445,1443,1122,1554,1558,
1445, 6
1443,1444,1222,1446,1447,
1446, 6
1447,1445,1734,1733,1732,
1447, 6
1445,1446,1223,1448,1437,
1448, 6
1437,1447,1223,1453,1454,
1449, 6
1732,1731,1730,1450,1451,
1450, 6
1451,1449,1134,1477,1483,
1451, 6
1449,1450,1435,1452,1453,
1452, 6
1453,1451,1435,1660,1659,
1453, 6
1451,1452,1184,1454,1448,
1454, 6
1448,1453,1184,1656,1655,
1455, 6
1456,1465,1464,1462,1463,
1456, 5
1457,1455,1137,1329,
1457, 6
1465,1456,1330,1458,1467,
1458, 5
1459,1457,1330,1138,
1459, 6
1467,1458,1191,1460,1461,
1460, 5
1461,1459,1191,1170,
1461, 5
1459,1460,1129,1332,
1462, 5
1463,1455,1331,1332,
1463, 6
1455,1462,1544,1543,1485,
1464, 5
1465,1466,1331,1462,
1465, 5
1466,1464,1455,1456,
1466, 6
1464,1465,1457,1467,1468,
1467, 5
1468,1466,1457,1458,
1468, 5
1466,1467,1459,1461,
1469, 5
1470,1432,1221,1133,
1470, 6
1640,1469,1312,1471,1472,
1471, 6
1472,1470,1312,1518,1519,
1472, 6
1470,1471,1139,1714,1713,
1473, 6
1715,1714,1139,1708,1707,
1474, 6
1713,1715,1716,1717,1719,
1475, 6
1718,1717,1685,1721,1723,
1476, 6
1719,1718,1720,1646,1645,
1477, 6
1647,1646,1320,1483,1450,
1478, 6
1682,1684,1686,1688,1690,
1479, 6
1683,1682,1681,1693,1695,
1480, 6
1694,1693,1672,1671,1670,
1481, 6
1695,1694,1434,1482,1483,
1482, 5
1483,1481,1434,1135,
1483, 6
1481,1482,1435,1450,1477,
1484, 6
1485,1486,1754,1753,1495,
1485, 6
1486,1484,1137,1463,1539,
1486, 6
1484,1485,1325,1487,1488,
1487, 6
1488,1486,1325,1609,1608,
1488, 6
1486,1487,1229,1489,1490,
1489, 6
1490,1488,1229,1604,1603,
1490, 6
1488,1489,1136,1744,1743,
1491, 6
1745,1744,1136,1498,1499,
1492, 6
1743,1745,1747,1748,1750,
1493, 6
1749,1748,1666,1665,1664,
1494, 6
1750,1749,1752,1495,1753,
1495, 5
1484,1494,1329,1330,
1496, 6
1663,1665,1667,1669,1671,
1497, 6
1664,1663,1662,1676,1678,
1498, 5
1499,1491,1136,1227,
1499, 6
1491,1498,1436,1500,1501,
1500, 5
1501,1499,1436,1135,
1501, 6
1499,1500,1434,1670,1669,
1502, 6
1503,1504,1710,1709,1708,
1503, 6
1504,1502,1139,1519,1527,
1504, 6
1502,1503,1316,1505,1506,
1505, 6
1506,1504,1316,1529,1596,
1506, 6
1504,1505,1193,1507,1508,
1507, 6
1508,1506,1193,1592,1591,
1508, 6
1506,1507,1138,1509,1510,
1509, 6
1510,1508,1138,1514,1515,
1510, 6
1508,1509,1701,1700,1699,
1511, 6
1698,1700,1702,1689,1688,
1512, 6
1699,1698,1697,1707,1709,
1513, 6
1690,1689,1703,1677,1676,
1514, 5
1515,1509,1138,1191,
1515, 6
1509,1514,1330,1516,1517,
1516, 5
1517,1515,1330,1137,
1517, 6
1515,1516,1679,1678,1677,
1518, 6
1519,1471,1312,1520,1521,
1519, 6
1471,1518,1311,1527,1503,
1520, 5
1521,1518,1312,1133,
1521, 6
1518,1520,1309,1522,1523,
1522, 5
1523,1521,1309,1182,
1523, 6
1521,1522,1132,1524,1525,
1524, 6
1525,1523,1132,1530,1531,
1525, 6
1523,1524,1315,1526,1527,
1526, 6
1527,1525,1315,1528,1529,
1527, 6
1525,1526,1316,1503,1519,
1528, 6
1529,1526,1315,1533,1534,
1529, 6
1526,1528,1131,1596,1505,
1530, 5
1531,1524,1132,1181,
1531, 6
1524,1530,1180,1532,1533,
1532, 5
1533,1531,1180,1118,
1533, 6
1531,1532,1428,1534,1528,
1534, 6
1528,1533,1428,1629,1622,
1535, 5
1536,1537,1326,1332,
1536, 5
1537,1535,1128,1286,
1537, 6
1535,1536,1327,1538,1541,
1538, 5
1539,1537,1327,1127,
1539, 6
1541,1538,1325,1485,1543,
1540, 5
1541,1542,1326,1535,
1541, 5
1542,1540,1537,1538,
1542, 6
1540,1541,1539,1543,1544,
1543, 5
1544,1542,1539,1485,
1544, 5
1542,1543,1463,1462,
1545, 6
1546,1547,1219,1552,1553,
1546, 6
1547,1545,1133,1556,1557,
1547, 6
1545,1546,1220,1548,1549,
1548, 6
1549,1547,1220,1554,1555,
1549, 6
1547,1548,1218,1550,1551,
1550, 5
1551,1549,1218,1217,
1551, 5
1549,1550,1121,1314,
1552, 5
1553,1545,1219,1314,
1553, 5
1545,1552,1310,1309,
1554, 6
1555,1548,1220,1558,1444,
1555, 5
1548,1554,1122,1201,
1556, 5
1557,1546,1133,1312,
1557, 6
1546,1556,1740,1739,1738,
1558, 6
1738,1737,1736,1444,1554,
1559, 6
1560,1561,1125,1576,1577,
1560, 6
1561,1559,1187,1567,1568,
1561, 6
1559,1560,1186,1562,1563,
1562, 6
1563,1561,1186,1572,1573,
1563, 6
1561,1562,1227,1564,1565,
1564, 6
1565,1563,1227,1601,1617,
1565, 6
1563,1564,1226,1610,1583,
1566, 5
1188,1225,1109,1086,
1567, 6
1568,1560,1187,1574,1575,
1568, 6
1560,1567,1185,1569,1570,
1569, 6
1570,1568,1185,1657,1659,
1570, 6
1568,1569,1135,1571,1572,
1571, 5
1572,1570,1135,1434,
1572, 6
1570,1571,1436,1573,1562,
1573, 5
1562,1572,1436,1136,
1574, 6
1575,1567,1187,1579,1580,
1575, 6
1567,1574,1124,1649,1658,
1576, 6
1577,1559,1125,1583,1584,
1577, 6
1559,1576,1188,1578,1579,
1578, 6
1579,1577,1188,1581,1582,
1579, 6
1577,1578,1189,1580,1574,
1580, 5
1574,1579,1189,1160,
1581, 5
1582,1578,1188,1566,
1582, 5
1578,1581,1108,1190,
1583, 6
1584,1576,1125,1565,1610,
1584, 5
1576,1583,1225,1566,
1585, 6
1586,1587,1192,1594,1595,
1586, 5
1587,1585,1130,1171,
1587, 6
1585,1586,1170,1588,1589,
1588, 5
1589,1587,1170,1129,
1589, 6
1587,1588,1191,1590,1591,
1590, 5
1591,1589,1191,1330,
1591, 6
1589,1590,1138,1507,1592,
1592, 6
1591,1507,1193,1593,1594,
1593, 6
1620,1592,1193,1596,1597,
1594, 6
1592,1620,1619,1595,1585,
1595, 6
1585,1594,1194,1625,1626,
1596, 6
1597,1593,1193,1505,1529,
1597, 6
1593,1596,1131,1622,1623,
1598, 6
1599,1600,1228,1606,1607,
1599, 6
1600,1598,1126,1615,1611,
1600, 6
1598,1599,1618,1617,1601,
1601, 6
1600,1564,1227,1602,1603,
1602, 5
1603,1601,1227,1436,
1603, 6
1601,1602,1136,1489,1604,
1604, 6
1603,1489,1229,1605,1606,
1605, 6
1606,1604,1229,1608,1323,
1606, 6
1604,1605,1210,1607,1598,
1607, 5
1598,1606,1210,1209,
1608, 6
1323,1605,1229,1487,1609,
1609, 5
1608,1487,1325,1327,
1610, 6
1583,1565,1226,1611,1612,
1611, 6
1612,1610,1226,1599,1615,
1612, 6
1610,1611,1224,1613,1614,
1613, 5
1614,1612,1224,1230,
1614, 5
1612,1613,1109,1566,
1615, 5
1611,1599,1126,1208,
1616, 5
1617,1618,1226,1565,
1617, 5
1618,1616,1564,1601,
1618, 5
1616,1617,1600,1599,
1619, 5
1620,1621,1194,1595,
1620, 5
1621,1619,1594,1592,
1621, 5
1619,1620,1593,1597,
1622, 6
1623,1597,1131,1534,1629,
1623, 6
1597,1622,1195,1624,1625,
1624, 6
1625,1623,1195,1627,1628,
1625, 6
1623,1624,1196,1626,1595,
1626, 5
1595,1625,1196,1172,
1627, 6
1628,1624,1195,1631,1632,
1628, 5
1624,1627,1117,1197,
1629, 6
1622,1534,1428,1630,1631,
1630, 5
1631,1629,1428,1118,
1631, 6
1629,1630,1423,1632,1627,
1632, 5
1627,1631,1423,1263,
1633, 6
1634,1635,1432,1640,1641,
1634, 6
1635,1633,1313,1644,1645,
1635, 6
1633,1634,1433,1636,1637,
1636, 6
1637,1635,1433,1642,1643,
1637, 6
1635,1636,1431,1638,1639,
1638, 6
1639,1637,1431,1727,1735,
1639, 5
1637,1638,1221,1469,
1640, 5
1641,1633,1432,1469,
1641, 5
1633,1640,1470,1472,
1642, 6
1643,1636,1433,1647,1648,
1643, 6
1636,1642,1134,1729,1728,
1644, 6
1645,1634,1313,1711,1719,
1645, 6
1634,1644,1476,1646,1647,
1646, 5
1647,1645,1476,1320,
1647, 6
1645,1646,1477,1648,1642,
1648, 5
1642,1647,1477,1450,
1649, 6
1650,1651,1158,1658,1575,
1650, 5
1651,1649,1124,1160,
1651, 6
1649,1650,1159,1652,1653,
1652, 5
1653,1651,1159,1106,
1653, 6
1651,1652,1157,1654,1655,
1654, 5
1655,1653,1157,1156,
1655, 6
1653,1654,1123,1454,1656,
1656, 6
1655,1454,1184,1657,1658,
1657, 6
1658,1656,1184,1659,1569,
1658, 6
1656,1657,1185,1575,1649,
1659, 6
1569,1657,1184,1452,1660,
1660, 5
1659,1452,1435,1434,
1661, 6
1662,1663,1496,1671,1672,
1662, 6
1663,1661,1140,1675,1676,
1663, 6
1661,1662,1497,1664,1665,
1664, 6
1665,1663,1497,1673,1674,
1665, 6
1663,1664,1493,1666,1667,
1666, 6
1667,1665,1493,1748,1747,
1667, 6
1665,1666,1328,1668,1669,
1668, 5
1669,1667,1328,1499,
1669, 6
1667,1668,1501,1670,1671,
1670, 5
1671,1669,1501,1434,
1671, 6
1669,1670,1480,1672,1661,
1672, 6
1661,1671,1480,1693,1681,
1673, 6
1674,1664,1497,1678,1679,
1674, 6
1664,1673,1329,1752,1749,
1675, 6
1676,1662,1140,1680,1690,
1676, 6
1662,1675,1513,1677,1678,
1677, 5
1678,1676,1513,1318,
1678, 6
1676,1677,1517,1679,1673,
1679, 5
1673,1678,1517,1516,
1680, 6
1681,1682,1478,1690,1675,
1681, 6
1682,1680,1140,1672,1693,
1682, 6
1680,1681,1479,1683,1684,
1683, 6
1722,1682,1479,1691,1692,
1684, 6
1682,1722,1721,1685,1686,
1685, 6
1686,1684,1475,1717,1716,
1686, 6
1684,1685,1319,1687,1688,
1687, 6
1688,1686,1319,1697,1698,
1688, 6
1686,1687,1511,1689,1690,
1689, 6
1690,1688,1511,1702,1703,
1690, 6
1688,1689,1513,1675,1680,
1691, 6
1692,1683,1479,1695,1696,
1692, 6
1683,1691,1320,1720,1718,
1693, 6
1681,1672,1480,1694,1695,
1694, 5
1695,1693,1480,1434,
1695, 6
1693,1694,1481,1696,1691,
1696, 5
1691,1695,1481,1483,
1697, 6
1698,1687,1319,1706,1707,
1698, 6
1687,1697,1512,1699,1700,
1699, 6
1700,1698,1512,1704,1705,
1700, 6
1698,1699,1510,1701,1702,
1701, 5
1702,1700,1510,1509,
1702, 6
1700,1701,1318,1703,1689,
1703, 5
1689,1702,1318,1517,
1704, 6
1705,1699,1512,1709,1710,
1705, 5
1699,1704,1317,1508,
1706, 6
1707,1697,1319,1716,1715,
1707, 6
1697,1706,1473,1708,1709,
1708, 5
1709,1707,1473,1139,
1709, 6
1707,1708,1502,1710,1704,
1710, 5
1704,1709,1502,1504,
1711, 6
1712,1713,1474,1719,1644,
1712, 5
1713,1711,1313,1470,
1713, 6
1711,1712,1472,1714,1715,
1714, 5
1715,1713,1472,1139,
1715, 6
1713,1714,1473,1706,1716,
1716, 6
1715,1706,1319,1685,1717,
1717, 6
1716,1685,1475,1718,1719,
1718, 6
1719,1717,1475,1692,1720,
1719, 6
1717,1718,1476,1644,1711,
1720, 5
1718,1692,1320,1477,
1721, 5
1722,1723,1475,1685,
1722, 5
1723,1721,1684,1682,
1723, 5
1721,1722,1683,1692,
1724, 6
1725,1726,1429,1733,1734,
1725, 6
1726,1724,1222,1736,1737,
1726, 6
1724,1725,1430,1727,1728,
1727, 6
1728,1726,1430,1735,1638,
1728, 6
1726,1727,1431,1643,1729,
1729, 6
1728,1643,1134,1730,1731,
1730, 5
1731,1729,1134,1450,
1731, 6
1729,1730,1449,1732,1733,
1732, 5
1733,1731,1449,1223,
1733, 6
1731,1732,1446,1734,1724,
1734, 5
1724,1733,1446,1445,
1735, 6
1638,1727,1430,1739,1740,
1736, 5
1737,1725,1222,1444,
1737, 6
1725,1736,1558,1738,1739,
1738, 5
1739,1737,1558,1220,
1739, 6
1737,1738,1557,1740,1735,
1740, 5
1735,1739,1557,1556,
1741, 6
1742,1743,1492,1750,1751,
1742, 5
1743,1741,1324,1488,
1743, 6
1741,1742,1490,1744,1745,
1744, 5
1745,1743,1490,1136,
1745, 6
1743,1744,1491,1746,1747,
1746, 5
1747,1745,1491,1499,
1747, 6
1745,1746,1328,1666,1748,
1748, 6
1747,1666,1493,1749,1750,
1749, 6
1750,1748,1493,1674,1752,
1750, 6
1748,1749,1494,1751,1741,
1751, 6
1741,1750,1494,1753,1754,
1752, 5
1749,1674,1329,1495,
1753, 5
1754,1751,1494,1495,
1754, 5
1751,1753,1484,1486,
