271
54
6
1.000000000000000  0.000000000000000
0.993238357741943  0.116092914125230
0.973044870579824  0.230615870742440
0.939692620785908  0.342020143325669
0.893632640323412  0.448799180200462
0.835487811412936  0.549508978070806
0.766044443118978  0.642787609686539
0.686241637868734  0.727373641573049
0.597158591702786  0.802123192755044
0.500000000000000  0.866025403784439
0.396079766039157  0.918216106880274
0.286803232711090  0.957989512315489
0.173648177666930  0.984807753012208
0.058144828910476  0.998308158271268
-0.058144828910476  0.998308158271268
-0.173648177666930  0.984807753012208
-0.286803232711090  0.957989512315489
-0.396079766039157  0.918216106880274
-0.500000000000000  0.866025403784439
-0.597158591702786  0.802123192755044
-0.686241637868733  0.727373641573049
-0.766044443118978  0.642787609686539
-0.835487811412936  0.549508978070806
-0.893632640323412  0.448799180200462
-0.939692620785908  0.342020143325669
-0.973044870579824  0.230615870742440
-0.993238357741943  0.116092914125230
-1.000000000000000  0.000000000000000
-0.993238357741943  -0.116092914125230
-0.973044870579824  -0.230615870742440
-0.939692620785908  -0.342020143325669
-0.893632640323412  -0.448799180200462
-0.835487811412936  -0.549508978070806
-0.766044443118978  -0.642787609686539
-0.686241637868734  -0.727373641573049
-0.597158591702786  -0.802123192755044
-0.500000000000000  -0.866025403784438
-0.396079766039157  -0.918216106880274
-0.286803232711091  -0.957989512315489
-0.173648177666930  -0.984807753012208
-0.058144828910476  -0.998308158271268
0.058144828910476  -0.998308158271268
0.173648177666930  -0.984807753012208
0.286803232711090  -0.957989512315489
0.396079766039157  -0.918216106880274
0.500000000000000  -0.866025403784439
0.597158591702786  -0.802123192755044
0.686241637868734  -0.727373641573049
0.766044443118978  -0.642787609686540
0.835487811412936  -0.549508978070806
0.893632640323412  -0.448799180200462
0.939692620785908  -0.342020143325669
0.973044870579824  -0.230615870742440
0.993238357741943  -0.116092914125230
0.888888888888889  0.000000000000000
0.881284321221165  0.116023281973379
0.858600734479172  0.230061373424463
0.821226251121144  0.340163050991191
0.769800358919501  0.444444444444444
0.705202969147765  0.541121270229974
0.628539361054709  0.628539361054709
0.541121270229974  0.705202969147764
0.444444444444445  0.769800358919501
0.340163050991191  0.821226251121144
0.230061373424463  0.858600734479172
0.116023281973379  0.881284321221165
0.000000000000000  0.888888888888889
-0.116023281973379  0.881284321221165
-0.230061373424463  0.858600734479172
-0.340163050991191  0.821226251121144
-0.444444444444444  0.769800358919501
-0.541121270229974  0.705202969147764
-0.628539361054709  0.628539361054709
-0.705202969147764  0.541121270229974
-0.769800358919501  0.444444444444444
-0.821226251121144  0.340163050991191
-0.858600734479172  0.230061373424463
-0.881284321221165  0.116023281973379
-0.888888888888889  0.000000000000000
-0.881284321221165  -0.116023281973379
-0.858600734479172  -0.230061373424463
-0.821226251121144  -0.340163050991191
-0.769800358919501  -0.444444444444444
-0.705202969147765  -0.541121270229974
-0.628539361054709  -0.628539361054709
-0.541121270229974  -0.705202969147764
-0.444444444444445  -0.769800358919501
-0.340163050991191  -0.821226251121144
-0.230061373424463  -0.858600734479172
-0.116023281973379  -0.881284321221165
-0.000000000000000  -0.888888888888889
0.116023281973379  -0.881284321221165
0.230061373424462  -0.858600734479172
0.340163050991191  -0.821226251121144
0.444444444444444  -0.769800358919501
0.541121270229974  -0.705202969147765
0.628539361054709  -0.628539361054709
0.705202969147764  -0.541121270229974
0.769800358919501  -0.444444444444445
0.821226251121144  -0.340163050991191
0.858600734479172  -0.230061373424463
0.881284321221165  -0.116023281973379
0.777777777777778  0.000000000000000
0.769090642619544  0.115921762581469
0.743223293389221  0.229254024541814
0.700753563924104  0.337465130424767
0.642630157801329  0.438137822938373
0.570151455867643  0.529023240488493
0.484936512556793  0.608091153030690
0.388888888888889  0.673575314054563
0.284154130062752  0.724012915612159
0.173071837521578  0.758277265030307
0.058123406122775  0.775602953363140
-0.058123406122774  0.775602953363140
-0.173071837521578  0.758277265030307
-0.284154130062752  0.724012915612159
-0.388888888888889  0.673575314054564
-0.484936512556793  0.608091153030690
-0.570151455867643  0.529023240488493
-0.642630157801329  0.438137822938373
-0.700753563924104  0.337465130424768
-0.743223293389221  0.229254024541814
-0.769090642619544  0.115921762581469
-0.777777777777778  0.000000000000000
-0.769090642619544  -0.115921762581469
-0.743223293389221  -0.229254024541814
-0.700753563924104  -0.337465130424767
-0.642630157801329  -0.438137822938373
-0.570151455867643  -0.529023240488493
-0.484936512556793  -0.608091153030690
-0.388888888888889  -0.673575314054563
-0.284154130062752  -0.724012915612159
-0.173071837521578  -0.758277265030307
-0.058123406122775  -0.775602953363140
0.058123406122775  -0.775602953363140
0.173071837521578  -0.758277265030307
0.284154130062751  -0.724012915612159
0.388888888888889  -0.673575314054563
0.484936512556793  -0.608091153030690
0.570151455867642  -0.529023240488493
0.642630157801329  -0.438137822938373
0.700753563924104  -0.337465130424768
0.743223293389220  -0.229254024541815
0.769090642619544  -0.115921762581469
0.666666666666667  0.000000000000000
0.656538502008139  0.115765451777954
0.626461747190606  0.228013428883779
0.577350269189626  0.333333333333333
0.510696295412652  0.428525073124360
0.428525073124360  0.510696295412652
0.333333333333333  0.577350269189626
0.228013428883779  0.626461747190606
0.115765451777954  0.656538502008139
0.000000000000000  0.666666666666667
-0.115765451777954  0.656538502008139
-0.228013428883779  0.626461747190606
-0.333333333333333  0.577350269189626
-0.428525073124360  0.510696295412652
-0.510696295412652  0.428525073124360
-0.577350269189626  0.333333333333333
-0.626461747190606  0.228013428883779
-0.656538502008139  0.115765451777954
-0.666666666666667  0.000000000000000
-0.656538502008139  -0.115765451777953
-0.626461747190606  -0.228013428883779
-0.577350269189626  -0.333333333333333
-0.510696295412652  -0.428525073124360
-0.428525073124360  -0.510696295412652
-0.333333333333334  -0.577350269189626
-0.228013428883779  -0.626461747190606
-0.115765451777954  -0.656538502008139
-0.000000000000000  -0.666666666666667
0.115765451777953  -0.656538502008139
0.228013428883779  -0.626461747190606
0.333333333333333  -0.577350269189626
0.428525073124359  -0.510696295412652
0.510696295412652  -0.428525073124360
0.577350269189626  -0.333333333333334
0.626461747190606  -0.228013428883779
0.656538502008139  -0.115765451777954
0.555555555555556  0.000000000000000
0.543415333741003  0.115506494898755
0.507525254245889  0.225964801708778
0.449453885763860  0.326547362384707
0.371739225754921  0.412858236376330
0.277777777777778  0.481125224324688
0.171676107986082  0.528364731275085
0.058071368482030  0.552512164093485
-0.058071368482030  0.552512164093485
-0.171676107986082  0.528364731275085
-0.277777777777778  0.481125224324688
-0.371739225754921  0.412858236376330
-0.449453885763860  0.326547362384707
-0.507525254245889  0.225964801708778
-0.543415333741003  0.115506494898755
-0.555555555555556  0.000000000000000
-0.543415333741003  -0.115506494898755
-0.507525254245889  -0.225964801708778
-0.449453885763860  -0.326547362384707
-0.371739225754921  -0.412858236376330
-0.277777777777778  -0.481125224324688
-0.171676107986082  -0.528364731275085
-0.058071368482030  -0.552512164093485
0.058071368482029  -0.552512164093485
0.171676107986082  -0.528364731275085
0.277777777777778  -0.481125224324688
0.371739225754921  -0.412858236376330
0.449453885763860  -0.326547362384707
0.507525254245889  -0.225964801708778
0.543415333741003  -0.115506494898755
0.444444444444444  0.000000000000000
0.429300367239586  0.115030686712231
0.384900179459751  0.222222222222222
0.314269680527354  0.314269680527354
0.222222222222222  0.384900179459750
0.115030686712231  0.429300367239586
0.000000000000000  0.444444444444444
-0.115030686712231  0.429300367239586
-0.222222222222222  0.384900179459751
-0.314269680527354  0.314269680527354
-0.384900179459751  0.222222222222222
-0.429300367239586  0.115030686712232
-0.444444444444444  0.000000000000000
-0.429300367239586  -0.115030686712231
-0.384900179459751  -0.222222222222222
-0.314269680527354  -0.314269680527354
-0.222222222222222  -0.384900179459750
-0.115030686712231  -0.429300367239586
-0.000000000000000  -0.444444444444444
0.115030686712231  -0.429300367239586
0.222222222222222  -0.384900179459750
0.314269680527354  -0.314269680527354
0.384900179459750  -0.222222222222222
0.429300367239586  -0.115030686712231
0.333333333333333  0.000000000000000
0.313230873595303  0.114006714441890
0.255348147706326  0.214262536562180
0.166666666666667  0.288675134594813
0.057882725888977  0.328269251004069
-0.057882725888977  0.328269251004069
-0.166666666666667  0.288675134594813
-0.255348147706326  0.214262536562180
-0.313230873595303  0.114006714441890
-0.333333333333333  0.000000000000000
-0.313230873595303  -0.114006714441890
-0.255348147706326  -0.214262536562180
-0.166666666666667  -0.288675134594813
-0.057882725888977  -0.328269251004069
0.057882725888977  -0.328269251004069
0.166666666666667  -0.288675134594813
0.255348147706326  -0.214262536562180
0.313230873595303  -0.114006714441890
0.222222222222222  0.000000000000000
0.192450089729875  0.111111111111111
0.111111111111111  0.192450089729875
0.000000000000000  0.222222222222222
-0.111111111111111  0.192450089729875
-0.192450089729875  0.111111111111111
-0.222222222222222  0.000000000000000
-0.192450089729875  -0.111111111111111
-0.111111111111111  -0.192450089729875
-0.000000000000000  -0.222222222222222
0.111111111111111  -0.192450089729875
0.192450089729875  -0.111111111111111
0.111111111111111  0.000000000000000
0.055555555555556  0.096225044864938
-0.055555555555556  0.096225044864938
-0.111111111111111  0.000000000000000
-0.055555555555556  -0.096225044864938
0.055555555555556  -0.096225044864938
0.000000000000000  0.000000000000000
3 53 54 1 
4 0 54 55 2 
4 1 55 56 3 
4 2 56 57 4 
4 3 57 58 5 
4 4 58 59 6 
4 5 59 60 7 
4 6 60 61 8 
4 7 61 62 9 
3 8 62 10 
4 9 62 63 11 
4 10 63 64 12 
4 11 64 65 13 
4 12 65 66 14 
4 13 66 67 15 
4 14 67 68 16 
4 15 68 69 17 
4 16 69 70 18 
3 17 70 19 
4 18 70 71 20 
4 19 71 72 21 
4 20 72 73 22 
4 21 73 74 23 
4 22 74 75 24 
4 23 75 76 25 
4 24 76 77 26 
4 25 77 78 27 
3 26 78 28 
4 27 78 79 29 
4 28 79 80 30 
4 29 80 81 31 
4 30 81 82 32 
4 31 82 83 33 
4 32 83 84 34 
4 33 84 85 35 
4 34 85 86 36 
3 35 86 37 
4 36 86 87 38 
4 37 87 88 39 
4 38 88 89 40 
4 39 89 90 41 
4 40 90 91 42 
4 41 91 92 43 
4 42 92 93 44 
4 43 93 94 45 
3 44 94 46 
4 45 94 95 47 
4 46 95 96 48 
4 47 96 97 49 
4 48 97 98 50 
4 49 98 99 51 
4 50 99 100 52 
4 51 100 101 53 
4 52 101 54 0 
6 0 53 101 102 55 1 
6 1 54 102 103 56 2 
6 2 55 103 104 57 3 
6 3 56 104 105 58 4 
6 4 57 105 106 59 5 
6 5 58 106 107 60 6 
6 6 59 107 108 61 7 
6 7 60 108 109 62 8 
6 8 61 109 63 10 9 
6 10 62 109 110 64 11 
6 11 63 110 111 65 12 
6 12 64 111 112 66 13 
6 13 65 112 113 67 14 
6 14 66 113 114 68 15 
6 15 67 114 115 69 16 
6 16 68 115 116 70 17 
6 17 69 116 71 19 18 
6 19 70 116 117 72 20 
6 20 71 117 118 73 21 
6 21 72 118 119 74 22 
6 22 73 119 120 75 23 
6 23 74 120 121 76 24 
6 24 75 121 122 77 25 
6 25 76 122 123 78 26 
6 26 77 123 79 28 27 
6 28 78 123 124 80 29 
6 29 79 124 125 81 30 
6 30 80 125 126 82 31 
6 31 81 126 127 83 32 
6 32 82 127 128 84 33 
6 33 83 128 129 85 34 
6 34 84 129 130 86 35 
6 35 85 130 87 37 36 
6 37 86 130 131 88 38 
6 38 87 131 132 89 39 
6 39 88 132 133 90 40 
6 40 89 133 134 91 41 
6 41 90 134 135 92 42 
6 42 91 135 136 93 43 
6 43 92 136 137 94 44 
6 44 93 137 95 46 45 
6 46 94 137 138 96 47 
6 47 95 138 139 97 48 
6 48 96 139 140 98 49 
6 49 97 140 141 99 50 
6 50 98 141 142 100 51 
6 51 99 142 143 101 52 
6 52 100 143 102 54 53 
6 54 101 143 144 103 55 
6 55 102 144 145 104 56 
6 56 103 145 146 105 57 
6 57 104 146 147 106 58 
6 58 105 147 148 107 59 
6 59 106 148 149 108 60 
6 60 107 149 150 109 61 
6 61 108 150 110 63 62 
6 63 109 150 151 111 64 
6 64 110 151 152 112 65 
6 65 111 152 153 113 66 
6 66 112 153 154 114 67 
6 67 113 154 155 115 68 
6 68 114 155 156 116 69 
6 69 115 156 117 71 70 
6 71 116 156 157 118 72 
6 72 117 157 158 119 73 
6 73 118 158 159 120 74 
6 74 119 159 160 121 75 
6 75 120 160 161 122 76 
6 76 121 161 162 123 77 
6 77 122 162 124 79 78 
6 79 123 162 163 125 80 
6 80 124 163 164 126 81 
6 81 125 164 165 127 82 
6 82 126 165 166 128 83 
6 83 127 166 167 129 84 
6 84 128 167 168 130 85 
6 85 129 168 131 87 86 
6 87 130 168 169 132 88 
6 88 131 169 170 133 89 
6 89 132 170 171 134 90 
6 90 133 171 172 135 91 
6 91 134 172 173 136 92 
6 92 135 173 174 137 93 
6 93 136 174 138 95 94 
6 95 137 174 175 139 96 
6 96 138 175 176 140 97 
6 97 139 176 177 141 98 
6 98 140 177 178 142 99 
6 99 141 178 179 143 100 
6 100 142 179 144 102 101 
6 102 143 179 180 145 103 
6 103 144 180 181 146 104 
6 104 145 181 182 147 105 
6 105 146 182 183 148 106 
6 106 147 183 184 149 107 
6 107 148 184 185 150 108 
6 108 149 185 151 110 109 
6 110 150 185 186 152 111 
6 111 151 186 187 153 112 
6 112 152 187 188 154 113 
6 113 153 188 189 155 114 
6 114 154 189 190 156 115 
6 115 155 190 157 117 116 
6 117 156 190 191 158 118 
6 118 157 191 192 159 119 
6 119 158 192 193 160 120 
6 120 159 193 194 161 121 
6 121 160 194 195 162 122 
6 122 161 195 163 124 123 
6 124 162 195 196 164 125 
6 125 163 196 197 165 126 
6 126 164 197 198 166 127 
6 127 165 198 199 167 128 
6 128 166 199 200 168 129 
6 129 167 200 169 131 130 
6 131 168 200 201 170 132 
6 132 169 201 202 171 133 
6 133 170 202 203 172 134 
6 134 171 203 204 173 135 
6 135 172 204 205 174 136 
6 136 173 205 175 138 137 
6 138 174 205 206 176 139 
6 139 175 206 207 177 140 
6 140 176 207 208 178 141 
6 141 177 208 209 179 142 
6 142 178 209 180 144 143 
6 144 179 209 210 181 145 
6 145 180 210 211 182 146 
6 146 181 211 212 183 147 
6 147 182 212 213 184 148 
6 148 183 213 214 185 149 
6 149 184 214 186 151 150 
6 151 185 214 215 187 152 
6 152 186 215 216 188 153 
6 153 187 216 217 189 154 
6 154 188 217 218 190 155 
6 155 189 218 191 157 156 
6 157 190 218 219 192 158 
6 158 191 219 220 193 159 
6 159 192 220 221 194 160 
6 160 193 221 222 195 161 
6 161 194 222 196 163 162 
6 163 195 222 223 197 164 
6 164 196 223 224 198 165 
6 165 197 224 225 199 166 
6 166 198 225 226 200 167 
6 167 199 226 201 169 168 
6 169 200 226 227 202 170 
6 170 201 227 228 203 171 
6 171 202 228 229 204 172 
6 172 203 229 230 205 173 
6 173 204 230 206 175 174 
6 175 205 230 231 207 176 
6 176 206 231 232 208 177 
6 177 207 232 233 209 178 
6 178 208 233 210 180 179 
6 180 209 233 234 211 181 
6 181 210 234 235 212 182 
6 182 211 235 236 213 183 
6 183 212 236 237 214 184 
6 184 213 237 215 186 185 
6 186 214 237 238 216 187 
6 187 215 238 239 217 188 
6 188 216 239 240 218 189 
6 189 217 240 219 191 190 
6 191 218 240 241 220 192 
6 192 219 241 242 221 193 
6 193 220 242 243 222 194 
6 194 221 243 223 196 195 
6 196 222 243 244 224 197 
6 197 223 244 245 225 198 
6 198 224 245 246 226 199 
6 199 225 246 227 201 200 
6 201 226 246 247 228 202 
6 202 227 247 248 229 203 
6 203 228 248 249 230 204 
6 204 229 249 231 206 205 
6 206 230 249 250 232 207 
6 207 231 250 251 233 208 
6 208 232 251 234 210 209 
6 210 233 251 252 235 211 
6 211 234 252 253 236 212 
6 212 235 253 254 237 213 
6 213 236 254 238 215 214 
6 215 237 254 255 239 216 
6 216 238 255 256 240 217 
6 217 239 256 241 219 218 
6 219 240 256 257 242 220 
6 220 241 257 258 243 221 
6 221 242 258 244 223 222 
6 223 243 258 259 245 224 
6 224 244 259 260 246 225 
6 225 245 260 247 227 226 
6 227 246 260 261 248 228 
6 228 247 261 262 249 229 
6 229 248 262 250 231 230 
6 231 249 262 263 251 232 
6 232 250 263 252 234 233 
6 234 251 263 264 253 235 
6 235 252 264 265 254 236 
6 236 253 265 255 238 237 
6 238 254 265 266 256 239 
6 239 255 266 257 241 240 
6 241 256 266 267 258 242 
6 242 257 267 259 244 243 
6 244 258 267 268 260 245 
6 245 259 268 261 247 246 
6 247 260 268 269 262 248 
6 248 261 269 263 250 249 
6 250 262 269 264 252 251 
6 252 263 269 270 265 253 
6 254 253 264 270 266 255 
6 256 255 265 270 267 257 
6 258 257 266 270 268 259 
6 260 259 267 270 269 261 
6 262 261 268 270 264 263 
6 264 269 268 267 266 265 
