631
84
6
1.000000000000000  0.000000000000000
0.997203797181180  0.074730093586424
0.988830826225129  0.149042266176174
0.974927912181824  0.222520933956314
0.955572805786141  0.294755174410904
0.930873748644204  0.365341024366395
0.900968867902419  0.433883739117558
0.866025403784439  0.500000000000000
0.826238774315995  0.563320058063622
0.781831482468030  0.623489801858733
0.733051871829826  0.680172737770919
0.680172737770919  0.733051871829826
0.623489801858734  0.781831482468030
0.563320058063622  0.826238774315995
0.500000000000000  0.866025403784439
0.433883739117558  0.900968867902419
0.365341024366395  0.930873748644204
0.294755174410904  0.955572805786141
0.222520933956314  0.974927912181824
0.149042266176174  0.988830826225129
0.074730093586424  0.997203797181180
0.000000000000000  1.000000000000000
-0.074730093586424  0.997203797181180
-0.149042266176174  0.988830826225129
-0.222520933956314  0.974927912181824
-0.294755174410904  0.955572805786141
-0.365341024366395  0.930873748644204
-0.433883739117558  0.900968867902419
-0.500000000000000  0.866025403784439
-0.563320058063622  0.826238774315995
-0.623489801858733  0.781831482468030
-0.680172737770919  0.733051871829826
-0.733051871829826  0.680172737770919
-0.781831482468030  0.623489801858734
-0.826238774315995  0.563320058063622
-0.866025403784439  0.500000000000000
-0.900968867902419  0.433883739117558
-0.930873748644204  0.365341024366395
-0.955572805786141  0.294755174410904
-0.974927912181824  0.222520933956315
-0.988830826225129  0.149042266176175
-0.997203797181180  0.074730093586424
-1.000000000000000  0.000000000000000
-0.997203797181180  -0.074730093586424
-0.988830826225129  -0.149042266176174
-0.974927912181824  -0.222520933956314
-0.955572805786141  -0.294755174410904
-0.930873748644204  -0.365341024366395
-0.900968867902419  -0.433883739117558
-0.866025403784439  -0.500000000000000
-0.826238774315995  -0.563320058063622
-0.781831482468030  -0.623489801858733
-0.733051871829827  -0.680172737770919
-0.680172737770919  -0.733051871829826
-0.623489801858734  -0.781831482468030
-0.563320058063622  -0.826238774315995
-0.500000000000000  -0.866025403784438
-0.433883739117558  -0.900968867902419
-0.365341024366395  -0.930873748644204
-0.294755174410905  -0.955572805786141
-0.222520933956315  -0.974927912181824
-0.149042266176174  -0.988830826225129
-0.074730093586425  -0.997203797181180
-0.000000000000000  -1.000000000000000
0.074730093586424  -0.997203797181180
0.149042266176174  -0.988830826225129
0.222520933956314  -0.974927912181824
0.294755174410904  -0.955572805786141
0.365341024366395  -0.930873748644204
0.433883739117558  -0.900968867902419
0.500000000000000  -0.866025403784439
0.563320058063622  -0.826238774315995
0.623489801858733  -0.781831482468030
0.680172737770919  -0.733051871829826
0.733051871829826  -0.680172737770920
0.781831482468030  -0.623489801858734
0.826238774315995  -0.563320058063622
0.866025403784438  -0.500000000000000
0.900968867902419  -0.433883739117558
0.930873748644204  -0.365341024366395
0.955572805786141  -0.294755174410905
0.974927912181824  -0.222520933956315
0.988830826225129  -0.149042266176174
0.997203797181180  -0.074730093586425
0.928571428571429  0.000000000000000
0.925560357553195  0.074718956665531
0.916546672449491  0.148953332225063
0.901588830467048  0.222221688267018
0.880783838950921  0.294048851387082
0.854266626254622  0.363968994870070
0.822209166677981  0.431528659754928
0.784819365147809  0.496289695690101
0.742339708874680  0.557832102506695
0.695045694730308  0.615756754080738
0.643244042544628  0.669687986819256
0.587270705909993  0.719276035982822
0.527488693393216  0.764199304044110
0.464285714285714  0.804166446371264
0.398071664159979  0.838918260709641
0.329275966539497  0.868229368207885
0.258344787922420  0.891909675086274
0.185738144220613  0.909805605467820
0.111926917379943  0.921801097376764
0.037389801530171  0.927818355445029
-0.037389801530171  0.927818355445029
-0.111926917379943  0.921801097376765
-0.185738144220613  0.909805605467820
-0.258344787922420  0.891909675086274
-0.329275966539497  0.868229368207885
-0.398071664159979  0.838918260709641
-0.464285714285714  0.804166446371265
-0.527488693393216  0.764199304044110
-0.587270705909993  0.719276035982822
-0.643244042544628  0.669687986819256
-0.695045694730308  0.615756754080738
-0.742339708874679  0.557832102506695
-0.784819365147809  0.496289695690101
-0.822209166677981  0.431528659754928
-0.854266626254622  0.363968994870070
-0.880783838950921  0.294048851387082
-0.901588830467048  0.222221688267018
-0.916546672449491  0.148953332225063
-0.925560357553195  0.074718956665531
-0.928571428571429  0.000000000000000
-0.925560357553195  -0.074718956665531
-0.916546672449491  -0.148953332225063
-0.901588830467048  -0.222221688267018
-0.880783838950921  -0.294048851387081
-0.854266626254623  -0.363968994870070
-0.822209166677981  -0.431528659754928
-0.784819365147809  -0.496289695690101
-0.742339708874680  -0.557832102506695
-0.695045694730308  -0.615756754080738
-0.643244042544628  -0.669687986819256
-0.587270705909993  -0.719276035982822
-0.527488693393216  -0.764199304044110
-0.464285714285715  -0.804166446371264
-0.398071664159979  -0.838918260709641
-0.329275966539498  -0.868229368207885
-0.258344787922420  -0.891909675086274
-0.185738144220613  -0.909805605467820
-0.111926917379943  -0.921801097376764
-0.037389801530171  -0.927818355445029
0.037389801530171  -0.927818355445029
0.111926917379943  -0.921801097376764
0.185738144220612  -0.909805605467820
0.258344787922420  -0.891909675086275
0.329275966539497  -0.868229368207885
0.398071664159979  -0.838918260709641
0.464285714285714  -0.804166446371264
0.527488693393216  -0.764199304044110
0.587270705909993  -0.719276035982823
0.643244042544628  -0.669687986819256
0.695045694730308  -0.615756754080739
0.742339708874680  -0.557832102506695
0.784819365147809  -0.496289695690101
0.822209166677981  -0.431528659754928
0.854266626254622  -0.363968994870070
0.880783838950921  -0.294048851387082
0.901588830467048  -0.222221688267018
0.916546672449491  -0.148953332225063
0.925560357553195  -0.074718956665531
0.857142857142857  0.000000000000000
0.853881169792925  0.074704922355136
0.844120931153321  0.148841295143083
0.827936422533487  0.221844895802161
0.805450817816493  0.293160122850573
0.776835246031414  0.362244224349171
0.742307488958090  0.428571428571428
0.702130323676279  0.491636945443754
0.656609522673410  0.550960808302748
0.606091526731326  0.606091526731326
0.550960808302748  0.656609522673410
0.491636945443754  0.702130323676279
0.428571428571429  0.742307488958090
0.362244224349171  0.776835246031414
0.293160122850573  0.805450817816493
0.221844895802161  0.827936422533487
0.148841295143083  0.844120931153321
0.074704922355136  0.853881169792925
0.000000000000000  0.857142857142857
-0.074704922355135  0.853881169792925
-0.148841295143083  0.844120931153321
-0.221844895802161  0.827936422533487
-0.293160122850573  0.805450817816493
-0.362244224349171  0.776835246031414
-0.428571428571428  0.742307488958090
-0.491636945443754  0.702130323676279
-0.550960808302748  0.656609522673410
-0.606091526731326  0.606091526731326
-0.656609522673410  0.550960808302748
-0.702130323676278  0.491636945443754
-0.742307488958090  0.428571428571428
-0.776835246031414  0.362244224349171
-0.805450817816493  0.293160122850573
-0.827936422533487  0.221844895802161
-0.844120931153321  0.148841295143083
-0.853881169792925  0.074704922355136
-0.857142857142857  0.000000000000000
-0.853881169792925  -0.074704922355135
-0.844120931153321  -0.148841295143083
-0.827936422533487  -0.221844895802161
-0.805450817816493  -0.293160122850573
-0.776835246031414  -0.362244224349171
-0.742307488958090  -0.428571428571428
-0.702130323676279  -0.491636945443754
-0.656609522673410  -0.550960808302748
-0.606091526731326  -0.606091526731326
-0.550960808302748  -0.656609522673410
-0.491636945443754  -0.702130323676278
-0.428571428571429  -0.742307488958090
-0.362244224349171  -0.776835246031414
-0.293160122850573  -0.805450817816493
-0.221844895802161  -0.827936422533487
-0.148841295143083  -0.844120931153321
-0.074704922355136  -0.853881169792925
-0.000000000000000  -0.857142857142857
0.074704922355135  -0.853881169792925
0.148841295143083  -0.844120931153321
0.221844895802160  -0.827936422533487
0.293160122850573  -0.805450817816493
0.362244224349171  -0.776835246031414
0.428571428571429  -0.742307488958090
0.491636945443754  -0.702130323676279
0.550960808302748  -0.656609522673410
0.606091526731326  -0.606091526731326
0.656609522673410  -0.550960808302748
0.702130323676278  -0.491636945443754
0.742307488958090  -0.428571428571429
0.776835246031414  -0.362244224349171
0.805450817816493  -0.293160122850573
0.827936422533487  -0.221844895802161
0.844120931153321  -0.148841295143083
0.853881169792925  -0.074704922355136
0.785714285714286  0.000000000000000
0.782156510593138  0.074686891167572
0.771515404992127  0.148697406283179
0.753887336411391  0.221361294661123
0.729431947369771  0.292020500875972
0.698370709657440  0.360035124214394
0.660984918653071  0.424789213715112
0.617613145869333  0.485696346316190
0.568648172796841  0.542204937593088
0.514533433814153  0.593803236992631
0.455759000377370  0.640023962325264
0.392857142857143  0.680448531544916
0.326397510215768  0.714710853492836
0.256981971177974  0.742500643275811
0.185239163614550  0.763566232254211
0.111818801500438  0.777716847192161
0.037385791004369  0.784824337929506
-0.037385791004369  0.784824337929506
-0.111818801500438  0.777716847192161
-0.185239163614550  0.763566232254211
-0.256981971177974  0.742500643275811
-0.326397510215768  0.714710853492836
-0.392857142857143  0.680448531544916
-0.455759000377370  0.640023962325264
-0.514533433814153  0.593803236992631
-0.568648172796841  0.542204937593088
-0.617613145869333  0.485696346316190
-0.660984918653071  0.424789213715113
-0.698370709657440  0.360035124214394
-0.729431947369771  0.292020500875972
-0.753887336411391  0.221361294661123
-0.771515404992127  0.148697406283180
-0.782156510593138  0.074686891167572
-0.785714285714286  0.000000000000000
-0.782156510593138  -0.074686891167572
-0.771515404992127  -0.148697406283179
-0.753887336411391  -0.221361294661123
-0.729431947369771  -0.292020500875971
-0.698370709657440  -0.360035124214394
-0.660984918653071  -0.424789213715112
-0.617613145869333  -0.485696346316190
-0.568648172796841  -0.542204937593088
-0.514533433814153  -0.593803236992631
-0.455759000377370  -0.640023962325264
-0.392857142857143  -0.680448531544916
-0.326397510215768  -0.714710853492836
-0.256981971177974  -0.742500643275811
-0.185239163614550  -0.763566232254211
-0.111818801500438  -0.777716847192161
-0.037385791004369  -0.784824337929506
0.037385791004369  -0.784824337929506
0.111818801500438  -0.777716847192161
0.185239163614549  -0.763566232254211
0.256981971177974  -0.742500643275811
0.326397510215768  -0.714710853492836
0.392857142857143  -0.680448531544916
0.455759000377370  -0.640023962325264
0.514533433814152  -0.593803236992632
0.568648172796841  -0.542204937593088
0.617613145869333  -0.485696346316190
0.660984918653071  -0.424789213715112
0.698370709657440  -0.360035124214394
0.729431947369771  -0.292020500875972
0.753887336411391  -0.221361294661123
0.771515404992127  -0.148697406283180
0.782156510593138  -0.074686891167572
0.714285714285714  0.000000000000000
0.710372782405910  0.074663188048324
0.698676857667004  0.148508350584114
0.679326083067967  0.220726424553534
0.652532469744715  0.290526173625572
0.618589574131742  0.357142857142857
0.577869281696391  0.419846608780338
0.530817732483853  0.477950433113470
0.477950433113470  0.530817732483853
0.419846608780338  0.577869281696391
0.357142857142857  0.618589574131742
0.290526173625572  0.652532469744715
0.220726424553534  0.679326083067967
0.148508350584114  0.698676857667004
0.074663188048324  0.710372782405910
0.000000000000000  0.714285714285714
-0.074663188048324  0.710372782405910
-0.148508350584114  0.698676857667004
-0.220726424553534  0.679326083067967
-0.290526173625571  0.652532469744715
-0.357142857142857  0.618589574131742
-0.419846608780338  0.577869281696391
-0.477950433113470  0.530817732483853
-0.530817732483853  0.477950433113470
-0.577869281696391  0.419846608780338
-0.618589574131742  0.357142857142857
-0.652532469744715  0.290526173625572
-0.679326083067967  0.220726424553534
-0.698676857667004  0.148508350584114
-0.710372782405910  0.074663188048324
-0.714285714285714  0.000000000000000
-0.710372782405910  -0.074663188048324
-0.698676857667004  -0.148508350584114
-0.679326083067967  -0.220726424553534
-0.652532469744715  -0.290526173625572
-0.618589574131742  -0.357142857142857
-0.577869281696391  -0.419846608780338
-0.530817732483853  -0.477950433113470
-0.477950433113470  -0.530817732483853
-0.419846608780338  -0.577869281696391
-0.357142857142857  -0.618589574131742
-0.290526173625571  -0.652532469744715
-0.220726424553534  -0.679326083067967
-0.148508350584114  -0.698676857667004
-0.074663188048324  -0.710372782405910
-0.000000000000000  -0.714285714285714
0.074663188048324  -0.710372782405910
0.148508350584114  -0.698676857667004
0.220726424553534  -0.679326083067967
0.290526173625571  -0.652532469744715
0.357142857142857  -0.618589574131742
0.419846608780338  -0.577869281696391
0.477950433113470  -0.530817732483853
0.530817732483853  -0.477950433113470
0.577869281696391  -0.419846608780338
0.618589574131742  -0.357142857142857
0.652532469744715  -0.290526173625572
0.679326083067967  -0.220726424553534
0.698676857667004  -0.148508350584114
0.710372782405910  -0.074663188048324
0.642857142857143  0.000000000000000
0.638510372834106  0.074631159080505
0.625528845372744  0.148253059762997
0.604088113362370  0.219870092137930
0.574478125922194  0.288513758700297
0.537099307336888  0.353255771616947
0.492457142005057  0.413220606227061
0.441155338629900  0.467597341011246
0.383887666094648  0.515650623913957
0.321428571428572  0.556730616718568
0.254622706739458  0.590281782994462
0.184373506742844  0.615850400774243
0.111630971357312  0.633090698364991
0.037378818585306  0.641769530317244
-0.037378818585306  0.641769530317244
-0.111630971357312  0.633090698364991
-0.184373506742844  0.615850400774243
-0.254622706739458  0.590281782994462
-0.321428571428571  0.556730616718568
-0.383887666094648  0.515650623913957
-0.441155338629900  0.467597341011246
-0.492457142005057  0.413220606227061
-0.537099307336888  0.353255771616947
-0.574478125922194  0.288513758700297
-0.604088113362370  0.219870092137930
-0.625528845372744  0.148253059762997
-0.638510372834106  0.074631159080505
-0.642857142857143  0.000000000000000
-0.638510372834106  -0.074631159080505
-0.625528845372744  -0.148253059762997
-0.604088113362370  -0.219870092137930
-0.574478125922194  -0.288513758700297
-0.537099307336888  -0.353255771616947
-0.492457142005057  -0.413220606227061
-0.441155338629900  -0.467597341011246
-0.383887666094648  -0.515650623913957
-0.321428571428572  -0.556730616718568
-0.254622706739458  -0.590281782994462
-0.184373506742844  -0.615850400774243
-0.111630971357312  -0.633090698364991
-0.037378818585306  -0.641769530317244
0.037378818585306  -0.641769530317244
0.111630971357312  -0.633090698364991
0.184373506742844  -0.615850400774243
0.254622706739458  -0.590281782994462
0.321428571428572  -0.556730616718568
0.383887666094648  -0.515650623913957
0.441155338629900  -0.467597341011246
0.492457142005057  -0.413220606227061
0.537099307336888  -0.353255771616947
0.574478125922193  -0.288513758700297
0.604088113362370  -0.219870092137930
0.625528845372744  -0.148253059762997
0.638510372834106  -0.074631159080505
0.571428571428571  0.000000000000000
0.566539920785034  0.074586395554315
0.551957615022325  0.147896597201440
0.527931161435021  0.218676247065766
0.494871659305394  0.285714285714286
0.453344765880706  0.347863673719269
0.404061017820884  0.404061017820884
0.347863673719269  0.453344765880706
0.285714285714286  0.494871659305393
0.218676247065766  0.527931161435021
0.147896597201440  0.551957615022325
0.074586395554315  0.566539920785034
0.000000000000000  0.571428571428571
-0.074586395554315  0.566539920785034
-0.147896597201440  0.551957615022325
-0.218676247065766  0.527931161435021
-0.285714285714286  0.494871659305394
-0.347863673719269  0.453344765880706
-0.404061017820884  0.404061017820884
-0.453344765880706  0.347863673719269
-0.494871659305394  0.285714285714286
-0.527931161435021  0.218676247065766
-0.551957615022325  0.147896597201441
-0.566539920785034  0.074586395554315
-0.571428571428571  0.000000000000000
-0.566539920785034  -0.074586395554315
-0.551957615022325  -0.147896597201440
-0.527931161435021  -0.218676247065765
-0.494871659305394  -0.285714285714286
-0.453344765880706  -0.347863673719269
-0.404061017820884  -0.404061017820884
-0.347863673719269  -0.453344765880706
-0.285714285714286  -0.494871659305393
-0.218676247065766  -0.527931161435021
-0.147896597201440  -0.551957615022325
-0.074586395554315  -0.566539920785034
-0.000000000000000  -0.571428571428571
0.074586395554315  -0.566539920785035
0.147896597201440  -0.551957615022325
0.218676247065766  -0.527931161435021
0.285714285714286  -0.494871659305393
0.347863673719269  -0.453344765880706
0.404061017820884  -0.404061017820884
0.453344765880706  -0.347863673719269
0.494871659305393  -0.285714285714286
0.527931161435021  -0.218676247065766
0.551957615022325  -0.147896597201440
0.566539920785034  -0.074586395554315
0.500000000000000  0.000000000000000
0.494415413112564  0.074521133088087
0.477786402893070  0.147377587205452
0.450484433951210  0.216941869558779
0.413119387157997  0.281660029031811
0.366525935914913  0.340086368885460
0.311744900929367  0.390915741234015
0.250000000000000  0.433012701892219
0.182670512183197  0.465436874322102
0.111260466978157  0.487463956090912
0.037365046793212  0.498601898590590
-0.037365046793212  0.498601898590590
-0.111260466978157  0.487463956090912
-0.182670512183197  0.465436874322102
-0.250000000000000  0.433012701892219
-0.311744900929367  0.390915741234015
-0.366525935914913  0.340086368885460
-0.413119387157997  0.281660029031811
-0.450484433951210  0.216941869558779
-0.477786402893070  0.147377587205452
-0.494415413112564  0.074521133088087
-0.500000000000000  0.000000000000000
-0.494415413112564  -0.074521133088087
-0.477786402893070  -0.147377587205452
-0.450484433951210  -0.216941869558779
-0.413119387157997  -0.281660029031811
-0.366525935914913  -0.340086368885460
-0.311744900929367  -0.390915741234015
-0.250000000000000  -0.433012701892219
-0.182670512183197  -0.465436874322102
-0.111260466978157  -0.487463956090912
-0.037365046793212  -0.498601898590590
0.037365046793212  -0.498601898590590
0.111260466978157  -0.487463956090912
0.182670512183197  -0.465436874322102
0.250000000000000  -0.433012701892219
0.311744900929367  -0.390915741234015
0.366525935914913  -0.340086368885460
0.413119387157997  -0.281660029031811
0.450484433951210  -0.216941869558779
0.477786402893070  -0.147377587205452
0.494415413112564  -0.074521133088087
0.428571428571429  0.000000000000000
0.422060465576661  0.074420647571542
0.402725408908246  0.146580061425287
0.371153744479045  0.214285714285714
0.328304761336705  0.275480404151374
0.275480404151374  0.328304761336705
0.214285714285714  0.371153744479045
0.146580061425287  0.402725408908246
0.074420647571542  0.422060465576661
0.000000000000000  0.428571428571429
-0.074420647571542  0.422060465576661
-0.146580061425287  0.402725408908246
-0.214285714285714  0.371153744479045
-0.275480404151374  0.328304761336705
-0.328304761336705  0.275480404151374
-0.371153744479045  0.214285714285714
-0.402725408908246  0.146580061425287
-0.422060465576661  0.074420647571542
-0.428571428571429  0.000000000000000
-0.422060465576661  -0.074420647571541
-0.402725408908246  -0.146580061425287
-0.371153744479045  -0.214285714285714
-0.328304761336705  -0.275480404151374
-0.275480404151374  -0.328304761336705
-0.214285714285714  -0.371153744479045
-0.146580061425287  -0.402725408908246
-0.074420647571542  -0.422060465576661
-0.000000000000000  -0.428571428571429
0.074420647571541  -0.422060465576661
0.146580061425286  -0.402725408908247
0.214285714285714  -0.371153744479045
0.275480404151374  -0.328304761336705
0.328304761336705  -0.275480404151374
0.371153744479045  -0.214285714285714
0.402725408908246  -0.146580061425287
0.422060465576661  -0.074420647571542
0.357142857142857  0.000000000000000
0.349338428833502  0.074254175292057
0.326266234872357  0.145263086812786
0.288934640848196  0.209923304390169
0.238975216556735  0.265408866241926
0.178571428571429  0.309294787065871
0.110363212276767  0.339663041533983
0.037331594024162  0.355186391202955
-0.037331594024162  0.355186391202955
-0.110363212276767  0.339663041533983
-0.178571428571428  0.309294787065871
-0.238975216556735  0.265408866241926
-0.288934640848195  0.209923304390169
-0.326266234872357  0.145263086812786
-0.349338428833502  0.074254175292057
-0.357142857142857  0.000000000000000
-0.349338428833502  -0.074254175292057
-0.326266234872357  -0.145263086812786
-0.288934640848196  -0.209923304390169
-0.238975216556735  -0.265408866241926
-0.178571428571429  -0.309294787065871
-0.110363212276767  -0.339663041533983
-0.037331594024162  -0.355186391202955
0.037331594024162  -0.355186391202955
0.110363212276767  -0.339663041533983
0.178571428571429  -0.309294787065871
0.238975216556735  -0.265408866241927
0.288934640848195  -0.209923304390169
0.326266234872357  -0.145263086812786
0.349338428833502  -0.074254175292057
0.285714285714286  0.000000000000000
0.275978807511162  0.073948298600720
0.247435829652697  0.142857142857143
0.202030508910442  0.202030508910442
0.142857142857143  0.247435829652697
0.073948298600720  0.275978807511162
0.000000000000000  0.285714285714286
-0.073948298600720  0.275978807511162
-0.142857142857143  0.247435829652697
-0.202030508910442  0.202030508910442
-0.247435829652697  0.142857142857143
-0.275978807511162  0.073948298600720
-0.285714285714286  0.000000000000000
-0.275978807511162  -0.073948298600720
-0.247435829652697  -0.142857142857143
-0.202030508910442  -0.202030508910442
-0.142857142857143  -0.247435829652697
-0.073948298600720  -0.275978807511162
-0.000000000000000  -0.285714285714286
0.073948298600720  -0.275978807511162
0.142857142857143  -0.247435829652697
0.202030508910442  -0.202030508910442
0.247435829652697  -0.142857142857143
0.275978807511162  -0.073948298600720
0.214285714285714  0.000000000000000
0.201362704454123  0.073290030712643
0.164152380668352  0.137740202075687
0.107142857142857  0.185576872239523
0.037210323785771  0.211030232788330
-0.037210323785771  0.211030232788330
-0.107142857142857  0.185576872239523
-0.164152380668352  0.137740202075687
-0.201362704454123  0.073290030712643
-0.214285714285714  0.000000000000000
-0.201362704454123  -0.073290030712643
-0.164152380668352  -0.137740202075687
-0.107142857142857  -0.185576872239523
-0.037210323785771  -0.211030232788330
0.037210323785771  -0.211030232788330
0.107142857142857  -0.185576872239523
0.164152380668352  -0.137740202075687
0.201362704454123  -0.073290030712643
0.142857142857143  0.000000000000000
0.123717914826348  0.071428571428571
0.071428571428571  0.123717914826348
0.000000000000000  0.142857142857143
-0.071428571428571  0.123717914826348
-0.123717914826348  0.071428571428571
-0.142857142857143  0.000000000000000
-0.123717914826348  -0.071428571428571
-0.071428571428571  -0.123717914826348
-0.000000000000000  -0.142857142857143
0.071428571428571  -0.123717914826348
0.123717914826348  -0.071428571428571
0.071428571428571  0.000000000000000
0.035714285714286  0.061858957413174
-0.035714285714286  0.061858957413174
-0.071428571428571  0.000000000000000
-0.035714285714286  -0.061858957413174
0.035714285714286  -0.061858957413174
0.000000000000000  0.000000000000000
3 83 84 1 
4 0 84 85 2 
4 1 85 86 3 
4 2 86 87 4 
4 3 87 88 5 
4 4 88 89 6 
4 5 89 90 7 
4 6 90 91 8 
4 7 91 92 9 
4 8 92 93 10 
4 9 93 94 11 
4 10 94 95 12 
4 11 95 96 13 
4 12 96 97 14 
3 13 97 15 
4 14 97 98 16 
4 15 98 99 17 
4 16 99 100 18 
4 17 100 101 19 
4 18 101 102 20 
4 19 102 103 21 
4 20 103 104 22 
4 21 104 105 23 
4 22 105 106 24 
4 23 106 107 25 
4 24 107 108 26 
4 25 108 109 27 
4 26 109 110 28 
3 27 110 29 
4 28 110 111 30 
4 29 111 112 31 
4 30 112 113 32 
4 31 113 114 33 
4 32 114 115 34 
4 33 115 116 35 
4 34 116 117 36 
4 35 117 118 37 
4 36 118 119 38 
4 37 119 120 39 
4 38 120 121 40 
4 39 121 122 41 
4 40 122 123 42 
3 41 123 43 
4 42 123 124 44 
4 43 124 125 45 
4 44 125 126 46 
4 45 126 127 47 
4 46 127 128 48 
4 47 128 129 49 
4 48 129 130 50 
4 49 130 131 51 
4 50 131 132 52 
4 51 132 133 53 
4 52 133 134 54 
4 53 134 135 55 
4 54 135 136 56 
3 55 136 57 
4 56 136 137 58 
4 57 137 138 59 
4 58 138 139 60 
4 59 139 140 61 
4 60 140 141 62 
4 61 141 142 63 
4 62 142 143 64 
4 63 143 144 65 
4 64 144 145 66 
4 65 145 146 67 
4 66 146 147 68 
4 67 147 148 69 
4 68 148 149 70 
3 69 149 71 
4 70 149 150 72 
4 71 150 151 73 
4 72 151 152 74 
4 73 152 153 75 
4 74 153 154 76 
4 75 154 155 77 
4 76 155 156 78 
4 77 156 157 79 
4 78 157 158 80 
4 79 158 159 81 
4 80 159 160 82 
4 81 160 161 83 
4 82 161 84 0 
6 0 83 161 162 85 1 
6 1 84 162 163 86 2 
6 2 85 163 164 87 3 
6 3 86 164 165 88 4 
6 4 87 165 166 89 5 
6 5 88 166 167 90 6 
6 6 89 167 168 91 7 
6 7 90 168 169 92 8 
6 8 91 169 170 93 9 
6 9 92 170 171 94 10 
6 10 93 171 172 95 11 
6 11 94 172 173 96 12 
6 12 95 173 174 97 13 
6 13 96 174 98 15 14 
6 15 97 174 175 99 16 
6 16 98 175 176 100 17 
6 17 99 176 177 101 18 
6 18 100 177 178 102 19 
6 19 101 178 179 103 20 
6 20 102 179 180 104 21 
6 21 103 180 181 105 22 
6 22 104 181 182 106 23 
6 23 105 182 183 107 24 
6 24 106 183 184 108 25 
6 25 107 184 185 109 26 
6 26 108 185 186 110 27 
6 27 109 186 111 29 28 
6 29 110 186 187 112 30 
6 30 111 187 188 113 31 
6 31 112 188 189 114 32 
6 32 113 189 190 115 33 
6 33 114 190 191 116 34 
6 34 115 191 192 117 35 
6 35 116 192 193 118 36 
6 36 117 193 194 119 37 
6 37 118 194 195 120 38 
6 38 119 195 196 121 39 
6 39 120 196 197 122 40 
6 40 121 197 198 123 41 
6 41 122 198 124 43 42 
6 43 123 198 199 125 44 
6 44 124 199 200 126 45 
6 45 125 200 201 127 46 
6 46 126 201 202 128 47 
6 47 127 202 203 129 48 
6 48 128 203 204 130 49 
6 49 129 204 205 131 50 
6 50 130 205 206 132 51 
6 51 131 206 207 133 52 
6 52 132 207 208 134 53 
6 53 133 208 209 135 54 
6 54 134 209 210 136 55 
6 55 135 210 137 57 56 
6 57 136 210 211 138 58 
6 58 137 211 212 139 59 
6 59 138 212 213 140 60 
6 60 139 213 214 141 61 
6 61 140 214 215 142 62 
6 62 141 215 216 143 63 
6 63 142 216 217 144 64 
6 64 143 217 218 145 65 
6 65 144 218 219 146 66 
6 66 145 219 220 147 67 
6 67 146 220 221 148 68 
6 68 147 221 222 149 69 
6 69 148 222 150 71 70 
6 71 149 222 223 151 72 
6 72 150 223 224 152 73 
6 73 151 224 225 153 74 
6 74 152 225 226 154 75 
6 75 153 226 227 155 76 
6 76 154 227 228 156 77 
6 77 155 228 229 157 78 
6 78 156 229 230 158 79 
6 79 157 230 231 159 80 
6 80 158 231 232 160 81 
6 81 159 232 233 161 82 
6 82 160 233 162 84 83 
6 84 161 233 234 163 85 
6 85 162 234 235 164 86 
6 86 163 235 236 165 87 
6 87 164 236 237 166 88 
6 88 165 237 238 167 89 
6 89 166 238 239 168 90 
6 90 167 239 240 169 91 
6 91 168 240 241 170 92 
6 92 169 241 242 171 93 
6 93 170 242 243 172 94 
6 94 171 243 244 173 95 
6 95 172 244 245 174 96 
6 96 173 245 175 98 97 
6 98 174 245 246 176 99 
6 99 175 246 247 177 100 
6 100 176 247 248 178 101 
6 101 177 248 249 179 102 
6 102 178 249 250 180 103 
6 103 179 250 251 181 104 
6 104 180 251 252 182 105 
6 105 181 252 253 183 106 
6 106 182 253 254 184 107 
6 107 183 254 255 185 108 
6 108 184 255 256 186 109 
6 109 185 256 187 111 110 
6 111 186 256 257 188 112 
6 112 187 257 258 189 113 
6 113 188 258 259 190 114 
6 114 189 259 260 191 115 
6 115 190 260 261 192 116 
6 116 191 261 262 193 117 
6 117 192 262 263 194 118 
6 118 193 263 264 195 119 
6 119 194 264 265 196 120 
6 120 195 265 266 197 121 
6 121 196 266 267 198 122 
6 122 197 267 199 124 123 
6 124 198 267 268 200 125 
6 125 199 268 269 201 126 
6 126 200 269 270 202 127 
6 127 201 270 271 203 128 
6 128 202 271 272 204 129 
6 129 203 272 273 205 130 
6 130 204 273 274 206 131 
6 131 205 274 275 207 132 
6 132 206 275 276 208 133 
6 133 207 276 277 209 134 
6 134 208 277 278 210 135 
6 135 209 278 211 137 136 
6 137 210 278 279 212 138 
6 138 211 279 280 213 139 
6 139 212 280 281 214 140 
6 140 213 281 282 215 141 
6 141 214 282 283 216 142 
6 142 215 283 284 217 143 
6 143 216 284 285 218 144 
6 144 217 285 286 219 145 
6 145 218 286 287 220 146 
6 146 219 287 288 221 147 
6 147 220 288 289 222 148 
6 148 221 289 223 150 149 
6 150 222 289 290 224 151 
6 151 223 290 291 225 152 
6 152 224 291 292 226 153 
6 153 225 292 293 227 154 
6 154 226 293 294 228 155 
6 155 227 294 295 229 156 
6 156 228 295 296 230 157 
6 157 229 296 297 231 158 
6 158 230 297 298 232 159 
6 159 231 298 299 233 160 
6 160 232 299 234 162 161 
6 162 233 299 300 235 163 
6 163 234 300 301 236 164 
6 164 235 301 302 237 165 
6 165 236 302 303 238 166 
6 166 237 303 304 239 167 
6 167 238 304 305 240 168 
6 168 239 305 306 241 169 
6 169 240 306 307 242 170 
6 170 241 307 308 243 171 
6 171 242 308 309 244 172 
6 172 243 309 310 245 173 
6 173 244 310 246 175 174 
6 175 245 310 311 247 176 
6 176 246 311 312 248 177 
6 177 247 312 313 249 178 
6 178 248 313 314 250 179 
6 179 249 314 315 251 180 
6 180 250 315 316 252 181 
6 181 251 316 317 253 182 
6 182 252 317 318 254 183 
6 183 253 318 319 255 184 
6 184 254 319 320 256 185 
6 185 255 320 257 187 186 
6 187 256 320 321 258 188 
6 188 257 321 322 259 189 
6 189 258 322 323 260 190 
6 190 259 323 324 261 191 
6 191 260 324 325 262 192 
6 192 261 325 326 263 193 
6 193 262 326 327 264 194 
6 194 263 327 328 265 195 
6 195 264 328 329 266 196 
6 196 265 329 330 267 197 
6 197 266 330 268 199 198 
6 199 267 330 331 269 200 
6 200 268 331 332 270 201 
6 201 269 332 333 271 202 
6 202 270 333 334 272 203 
6 203 271 334 335 273 204 
6 204 272 335 336 274 205 
6 205 273 336 337 275 206 
6 206 274 337 338 276 207 
6 207 275 338 339 277 208 
6 208 276 339 340 278 209 
6 209 277 340 279 211 210 
6 211 278 340 341 280 212 
6 212 279 341 342 281 213 
6 213 280 342 343 282 214 
6 214 281 343 344 283 215 
6 215 282 344 345 284 216 
6 216 283 345 346 285 217 
6 217 284 346 347 286 218 
6 218 285 347 348 287 219 
6 219 286 348 349 288 220 
6 220 287 349 350 289 221 
6 221 288 350 290 223 222 
6 223 289 350 351 291 224 
6 224 290 351 352 292 225 
6 225 291 352 353 293 226 
6 226 292 353 354 294 227 
6 227 293 354 355 295 228 
6 228 294 355 356 296 229 
6 229 295 356 357 297 230 
6 230 296 357 358 298 231 
6 231 297 358 359 299 232 
6 232 298 359 300 234 233 
6 234 299 359 360 301 235 
6 235 300 360 361 302 236 
6 236 301 361 362 303 237 
6 237 302 362 363 304 238 
6 238 303 363 364 305 239 
6 239 304 364 365 306 240 
6 240 305 365 366 307 241 
6 241 306 366 367 308 242 
6 242 307 367 368 309 243 
6 243 308 368 369 310 244 
6 244 309 369 311 246 245 
6 246 310 369 370 312 247 
6 247 311 370 371 313 248 
6 248 312 371 372 314 249 
6 249 313 372 373 315 250 
6 250 314 373 374 316 251 
6 251 315 374 375 317 252 
6 252 316 375 376 318 253 
6 253 317 376 377 319 254 
6 254 318 377 378 320 255 
6 255 319 378 321 257 256 
6 257 320 378 379 322 258 
6 258 321 379 380 323 259 
6 259 322 380 381 324 260 
6 260 323 381 382 325 261 
6 261 324 382 383 326 262 
6 262 325 383 384 327 263 
6 263 326 384 385 328 264 
6 264 327 385 386 329 265 
6 265 328 386 387 330 266 
6 266 329 387 331 268 267 
6 268 330 387 388 332 269 
6 269 331 388 389 333 270 
6 270 332 389 390 334 271 
6 271 333 390 391 335 272 
6 272 334 391 392 336 273 
6 273 335 392 393 337 274 
6 274 336 393 394 338 275 
6 275 337 394 395 339 276 
6 276 338 395 396 340 277 
6 277 339 396 341 279 278 
6 279 340 396 397 342 280 
6 280 341 397 398 343 281 
6 281 342 398 399 344 282 
6 282 343 399 400 345 283 
6 283 344 400 401 346 284 
6 284 345 401 402 347 285 
6 285 346 402 403 348 286 
6 286 347 403 404 349 287 
6 287 348 404 405 350 288 
6 288 349 405 351 290 289 
6 290 350 405 406 352 291 
6 291 351 406 407 353 292 
6 292 352 407 408 354 293 
6 293 353 408 409 355 294 
6 294 354 409 410 356 295 
6 295 355 410 411 357 296 
6 296 356 411 412 358 297 
6 297 357 412 413 359 298 
6 298 358 413 360 300 299 
6 300 359 413 414 361 301 
6 301 360 414 415 362 302 
6 302 361 415 416 363 303 
6 303 362 416 417 364 304 
6 304 363 417 418 365 305 
6 305 364 418 419 366 306 
6 306 365 419 420 367 307 
6 307 366 420 421 368 308 
6 308 367 421 422 369 309 
6 309 368 422 370 311 310 
6 311 369 422 423 371 312 
6 312 370 423 424 372 313 
6 313 371 424 425 373 314 
6 314 372 425 426 374 315 
6 315 373 426 427 375 316 
6 316 374 427 428 376 317 
6 317 375 428 429 377 318 
6 318 376 429 430 378 319 
6 319 377 430 379 321 320 
6 321 378 430 431 380 322 
6 322 379 431 432 381 323 
6 323 380 432 433 382 324 
6 324 381 433 434 383 325 
6 325 382 434 435 384 326 
6 326 383 435 436 385 327 
6 327 384 436 437 386 328 
6 328 385 437 438 387 329 
6 329 386 438 388 331 330 
6 331 387 438 439 389 332 
6 332 388 439 440 390 333 
6 333 389 440 441 391 334 
6 334 390 441 442 392 335 
6 335 391 442 443 393 336 
6 336 392 443 444 394 337 
6 337 393 444 445 395 338 
6 338 394 445 446 396 339 
6 339 395 446 397 341 340 
6 341 396 446 447 398 342 
6 342 397 447 448 399 343 
6 343 398 448 449 400 344 
6 344 399 449 450 401 345 
6 345 400 450 451 402 346 
6 346 401 451 452 403 347 
6 347 402 452 453 404 348 
6 348 403 453 454 405 349 
6 349 404 454 406 351 350 
6 351 405 454 455 407 352 
6 352 406 455 456 408 353 
6 353 407 456 457 409 354 
6 354 408 457 458 410 355 
6 355 409 458 459 411 356 
6 356 410 459 460 412 357 
6 357 411 460 461 413 358 
6 358 412 461 414 360 359 
6 360 413 461 462 415 361 
6 361 414 462 463 416 362 
6 362 415 463 464 417 363 
6 363 416 464 465 418 364 
6 364 417 465 466 419 365 
6 365 418 466 467 420 366 
6 366 419 467 468 421 367 
6 367 420 468 469 422 368 
6 368 421 469 423 370 369 
6 370 422 469 470 424 371 
6 371 423 470 471 425 372 
6 372 424 471 472 426 373 
6 373 425 472 473 427 374 
6 374 426 473 474 428 375 
6 375 427 474 475 429 376 
6 376 428 475 476 430 377 
6 377 429 476 431 379 378 
6 379 430 476 477 432 380 
6 380 431 477 478 433 381 
6 381 432 478 479 434 382 
6 382 433 479 480 435 383 
6 383 434 480 481 436 384 
6 384 435 481 482 437 385 
6 385 436 482 483 438 386 
6 386 437 483 439 388 387 
6 388 438 483 484 440 389 
6 389 439 484 485 441 390 
6 390 440 485 486 442 391 
6 391 441 486 487 443 392 
6 392 442 487 488 444 393 
6 393 443 488 489 445 394 
6 394 444 489 490 446 395 
6 395 445 490 447 397 396 
6 397 446 490 491 448 398 
6 398 447 491 492 449 399 
6 399 448 492 493 450 400 
6 400 449 493 494 451 401 
6 401 450 494 495 452 402 
6 402 451 495 496 453 403 
6 403 452 496 497 454 404 
6 404 453 497 455 406 405 
6 406 454 497 498 456 407 
6 407 455 498 499 457 408 
6 408 456 499 500 458 409 
6 409 457 500 501 459 410 
6 410 458 501 502 460 411 
6 411 459 502 503 461 412 
6 412 460 503 462 414 413 
6 414 461 503 504 463 415 
6 415 462 504 505 464 416 
6 416 463 505 506 465 417 
6 417 464 506 507 466 418 
6 418 465 507 508 467 419 
6 419 466 508 509 468 420 
6 420 467 509 510 469 421 
6 421 468 510 470 423 422 
6 423 469 510 511 471 424 
6 424 470 511 512 472 425 
6 425 471 512 513 473 426 
6 426 472 513 514 474 427 
6 427 473 514 515 475 428 
6 428 474 515 516 476 429 
6 429 475 516 477 431 430 
6 431 476 516 517 478 432 
6 432 477 517 518 479 433 
6 433 478 518 519 480 434 
6 434 479 519 520 481 435 
6 435 480 520 521 482 436 
6 436 481 521 522 483 437 
6 437 482 522 484 439 438 
6 439 483 522 523 485 440 
6 440 484 523 524 486 441 
6 441 485 524 525 487 442 
6 442 486 525 526 488 443 
6 443 487 526 527 489 444 
6 444 488 527 528 490 445 
6 445 489 528 491 447 446 
6 447 490 528 529 492 448 
6 448 491 529 530 493 449 
6 449 492 530 531 494 450 
6 450 493 531 532 495 451 
6 451 494 532 533 496 452 
6 452 495 533 534 497 453 
6 453 496 534 498 455 454 
6 455 497 534 535 499 456 
6 456 498 535 536 500 457 
6 457 499 536 537 501 458 
6 458 500 537 538 502 459 
6 459 501 538 539 503 460 
6 460 502 539 504 462 461 
6 462 503 539 540 505 463 
6 463 504 540 541 506 464 
6 464 505 541 542 507 465 
6 465 506 542 543 508 466 
6 466 507 543 544 509 467 
6 467 508 544 545 510 468 
6 468 509 545 511 470 469 
6 470 510 545 546 512 471 
6 471 511 546 547 513 472 
6 472 512 547 548 514 473 
6 473 513 548 549 515 474 
6 474 514 549 550 516 475 
6 475 515 550 517 477 476 
6 477 516 550 551 518 478 
6 478 517 551 552 519 479 
6 479 518 552 553 520 480 
6 480 519 553 554 521 481 
6 481 520 554 555 522 482 
6 482 521 555 523 484 483 
6 484 522 555 556 524 485 
6 485 523 556 557 525 486 
6 486 524 557 558 526 487 
6 487 525 558 559 527 488 
6 488 526 559 560 528 489 
6 489 527 560 529 491 490 
6 491 528 560 561 530 492 
6 492 529 561 562 531 493 
6 493 530 562 563 532 494 
6 494 531 563 564 533 495 
6 495 532 564 565 534 496 
6 496 533 565 535 498 497 
6 498 534 565 566 536 499 
6 499 535 566 567 537 500 
6 500 536 567 568 538 501 
6 501 537 568 569 539 502 
6 502 538 569 540 504 503 
6 504 539 569 570 541 505 
6 505 540 570 571 542 506 
6 506 541 571 572 543 507 
6 507 542 572 573 544 508 
6 508 543 573 574 545 509 
6 509 544 574 546 511 510 
6 511 545 574 575 547 512 
6 512 546 575 576 548 513 
6 513 547 576 577 549 514 
6 514 548 577 578 550 515 
6 515 549 578 551 517 516 
6 517 550 578 579 552 518 
6 518 551 579 580 553 519 
6 519 552 580 581 554 520 
6 520 553 581 582 555 521 
6 521 554 582 556 523 522 
6 523 555 582 583 557 524 
6 524 556 583 584 558 525 
6 525 557 584 585 559 526 
6 526 558 585 586 560 527 
6 527 559 586 561 529 528 
6 529 560 586 587 562 530 
6 530 561 587 588 563 531 
6 531 562 588 589 564 532 
6 532 563 589 590 565 533 
6 533 564 590 566 535 534 
6 535 565 590 591 567 536 
6 536 566 591 592 568 537 
6 537 567 592 593 569 538 
6 538 568 593 570 540 539 
6 540 569 593 594 571 541 
6 541 570 594 595 572 542 
6 542 571 595 596 573 543 
6 543 572 596 597 574 544 
6 544 573 597 575 546 545 
6 546 574 597 598 576 547 
6 547 575 598 599 577 548 
6 548 576 599 600 578 549 
6 549 577 600 579 551 550 
6 551 578 600 601 580 552 
6 552 579 601 602 581 553 
6 553 580 602 603 582 554 
6 554 581 603 583 556 555 
6 556 582 603 604 584 557 
6 557 583 604 605 585 558 
6 558 584 605 606 586 559 
6 559 585 606 587 561 560 
6 561 586 606 607 588 562 
6 562 587 607 608 589 563 
6 563 588 608 609 590 564 
6 564 589 609 591 566 565 
6 566 590 609 610 592 567 
6 567 591 610 611 593 568 
6 568 592 611 594 570 569 
6 570 593 611 612 595 571 
6 571 594 612 613 596 572 
6 572 595 613 614 597 573 
6 573 596 614 598 575 574 
6 575 597 614 615 599 576 
6 576 598 615 616 600 577 
6 577 599 616 601 579 578 
6 579 600 616 617 602 580 
6 580 601 617 618 603 581 
6 581 602 618 604 583 582 
6 583 603 618 619 605 584 
6 584 604 619 620 606 585 
6 585 605 620 607 587 586 
6 587 606 620 621 608 588 
6 588 607 621 622 609 589 
6 589 608 622 610 591 590 
6 591 609 622 623 611 592 
6 592 610 623 612 594 593 
6 594 611 623 624 613 595 
6 595 612 624 625 614 596 
6 596 613 625 615 598 597 
6 598 614 625 626 616 599 
6 599 615 626 617 601 600 
6 601 616 626 627 618 602 
6 602 617 627 619 604 603 
6 604 618 627 628 620 605 
6 605 619 628 621 607 606 
6 607 620 628 629 622 608 
6 608 621 629 623 610 609 
6 610 622 629 624 612 611 
6 612 623 629 630 625 613 
6 614 613 624 630 626 615 
6 616 615 625 630 627 617 
6 618 617 626 630 628 619 
6 620 619 627 630 629 621 
6 622 621 628 630 624 623 
6 624 629 628 627 626 625 
