1141
114
6
1.000000000000000  0.000000000000000
0.998481516433316  0.055087760355865
0.993930677317949  0.110008220994079
0.986361303402722  0.164594590280734
0.975796382627436  0.218681091206376
0.962268000309250  0.272103464845335
0.945817241700635  0.324699469204683
0.926494067214802  0.376309371947835
0.904357160697578  0.426776435496404
0.879473751206489  0.475947393037074
0.851919408838327  0.523672913987878
0.821777815225245  0.569808057510266
0.789140509396394  0.614212712689668
0.754106609776896  0.656752024047734
0.716782513168451  0.697296801093995
0.677281571625741  0.735723910673132
0.635723748209968  0.771916650916321
0.592235252664980  0.805765105660978
0.546948158122427  0.837166478262529
0.500000000000000  0.866025403784439
0.451533358310889  0.892254238618394
0.401695424652970  0.915773326655057
0.350637555192754  0.936511241197055
0.298514811001695  0.954405001879507
0.245485487140799  0.969400265939330
0.191710631923738  0.981451493252418
0.137353557818408  0.990522084637503
0.082579345472332  0.996584493006670
0.027554342368162  0.999620307024951
-0.027554342368162  0.999620307024951
-0.082579345472332  0.996584493006670
-0.137353557818408  0.990522084637503
-0.191710631923738  0.981451493252418
-0.245485487140799  0.969400265939330
-0.298514811001695  0.954405001879507
-0.350637555192754  0.936511241197055
-0.401695424652969  0.915773326655057
-0.451533358310889  0.892254238618394
-0.500000000000000  0.866025403784439
-0.546948158122427  0.837166478262529
-0.592235252664980  0.805765105660978
-0.635723748209968  0.771916650916321
-0.677281571625741  0.735723910673132
-0.716782513168451  0.697296801093996
-0.754106609776896  0.656752024047735
-0.789140509396393  0.614212712689668
-0.821777815225245  0.569808057510266
-0.851919408838327  0.523672913987878
-0.879473751206489  0.475947393037074
-0.904357160697577  0.426776435496404
-0.926494067214802  0.376309371947836
-0.945817241700635  0.324699469204684
-0.962268000309250  0.272103464845335
-0.975796382627436  0.218681091206376
-0.986361303402722  0.164594590280734
-0.993930677317949  0.110008220994079
-0.998481516433316  0.055087760355866
-1.000000000000000  0.000000000000000
-0.998481516433316  -0.055087760355865
-0.993930677317949  -0.110008220994079
-0.986361303402722  -0.164594590280734
-0.975796382627436  -0.218681091206376
-0.962268000309250  -0.272103464845335
-0.945817241700635  -0.324699469204683
-0.926494067214802  -0.376309371947835
-0.904357160697578  -0.426776435496404
-0.879473751206489  -0.475947393037074
-0.851919408838327  -0.523672913987878
-0.821777815225245  -0.569808057510266
-0.789140509396394  -0.614212712689668
-0.754106609776896  -0.656752024047734
-0.716782513168451  -0.697296801093995
-0.677281571625741  -0.735723910673132
-0.635723748209968  -0.771916650916321
-0.592235252664980  -0.805765105660978
-0.546948158122427  -0.837166478262529
-0.500000000000000  -0.866025403784438
-0.451533358310889  -0.892254238618394
-0.401695424652970  -0.915773326655057
-0.350637555192754  -0.936511241197055
-0.298514811001695  -0.954405001879507
-0.245485487140799  -0.969400265939330
-0.191710631923739  -0.981451493252418
-0.137353557818408  -0.990522084637503
-0.082579345472333  -0.996584493006670
-0.027554342368162  -0.999620307024951
0.027554342368162  -0.999620307024951
0.082579345472332  -0.996584493006670
0.137353557818408  -0.990522084637503
0.191710631923738  -0.981451493252418
0.245485487140799  -0.969400265939330
0.298514811001695  -0.954405001879507
0.350637555192754  -0.936511241197055
0.401695424652970  -0.915773326655057
0.451533358310889  -0.892254238618394
0.500000000000000  -0.866025403784439
0.546948158122427  -0.837166478262529
0.592235252664980  -0.805765105660978
0.635723748209968  -0.771916650916321
0.677281571625741  -0.735723910673132
0.716782513168451  -0.697296801093996
0.754106609776896  -0.656752024047734
0.789140509396393  -0.614212712689668
0.821777815225245  -0.569808057510266
0.851919408838327  -0.523672913987878
0.879473751206489  -0.475947393037073
0.904357160697577  -0.426776435496404
0.926494067214802  -0.376309371947835
0.945817241700635  -0.324699469204684
0.962268000309250  -0.272103464845335
0.975796382627436  -0.218681091206376
0.986361303402722  -0.164594590280734
0.993930677317949  -0.110008220994080
0.998481516433316  -0.055087760355865
0.947368421052632  0.000000000000000
0.945765623625412  0.055084574757293
0.940962654702893  0.109982760750218
0.932975766011566  0.164508799894987
0.921831982654570  0.218478193334943
0.907569011667305  0.271708325726296
0.890235114428755  0.324019083150633
0.869888943360260  0.375233462563412
0.846599343464285  0.425178170716227
0.820445119374731  0.473684210526316
0.791514768706992  0.520587452909185
0.759906182610042  0.565729192139482
0.725726314533769  0.608956682860932
0.689090818332362  0.650123656928274
0.650123656928274  0.689090818332362
0.608956682860932  0.725726314533769
0.565729192139482  0.759906182610041
0.520587452909185  0.791514768706992
0.473684210526316  0.820445119374731
0.425178170716227  0.846599343464285
0.375233462563412  0.869888943360259
0.324019083150634  0.890235114428755
0.271708325726296  0.907569011667305
0.218478193334943  0.921831982654570
0.164508799894987  0.932975766011566
0.109982760750218  0.940962654702893
0.055084574757293  0.945765623625412
0.000000000000000  0.947368421052632
-0.055084574757293  0.945765623625412
-0.109982760750218  0.940962654702893
-0.164508799894987  0.932975766011566
-0.218478193334943  0.921831982654570
-0.271708325726296  0.907569011667305
-0.324019083150633  0.890235114428755
-0.375233462563412  0.869888943360260
-0.425178170716227  0.846599343464285
-0.473684210526316  0.820445119374731
-0.520587452909185  0.791514768706992
-0.565729192139481  0.759906182610042
-0.608956682860932  0.725726314533769
-0.650123656928274  0.689090818332362
-0.689090818332362  0.650123656928274
-0.725726314533768  0.608956682860932
-0.759906182610042  0.565729192139482
-0.791514768706992  0.520587452909185
-0.820445119374731  0.473684210526316
-0.846599343464285  0.425178170716227
-0.869888943360260  0.375233462563412
-0.890235114428755  0.324019083150634
-0.907569011667305  0.271708325726296
-0.921831982654570  0.218478193334943
-0.932975766011566  0.164508799894987
-0.940962654702893  0.109982760750218
-0.945765623625412  0.055084574757293
-0.947368421052632  0.000000000000000
-0.945765623625412  -0.055084574757293
-0.940962654702893  -0.109982760750218
-0.932975766011566  -0.164508799894986
-0.921831982654570  -0.218478193334943
-0.907569011667305  -0.271708325726296
-0.890235114428755  -0.324019083150633
-0.869888943360260  -0.375233462563411
-0.846599343464285  -0.425178170716227
-0.820445119374731  -0.473684210526316
-0.791514768706992  -0.520587452909185
-0.759906182610042  -0.565729192139481
-0.725726314533769  -0.608956682860932
-0.689090818332362  -0.650123656928274
-0.650123656928274  -0.689090818332362
-0.608956682860932  -0.725726314533768
-0.565729192139482  -0.759906182610041
-0.520587452909185  -0.791514768706992
-0.473684210526316  -0.820445119374731
-0.425178170716227  -0.846599343464285
-0.375233462563412  -0.869888943360260
-0.324019083150633  -0.890235114428755
-0.271708325726296  -0.907569011667305
-0.218478193334944  -0.921831982654570
-0.164508799894987  -0.932975766011566
-0.109982760750218  -0.940962654702893
-0.055084574757293  -0.945765623625412
-0.000000000000000  -0.947368421052632
0.055084574757293  -0.945765623625412
0.109982760750218  -0.940962654702893
0.164508799894986  -0.932975766011566
0.218478193334943  -0.921831982654570
0.271708325726296  -0.907569011667305
0.324019083150633  -0.890235114428755
0.375233462563411  -0.869888943360260
0.425178170716227  -0.846599343464285
0.473684210526316  -0.820445119374731
0.520587452909184  -0.791514768706993
0.565729192139481  -0.759906182610042
0.608956682860932  -0.725726314533769
0.650123656928274  -0.689090818332362
0.689090818332362  -0.650123656928274
0.725726314533768  -0.608956682860932
0.759906182610041  -0.565729192139482
0.791514768706992  -0.520587452909185
0.820445119374731  -0.473684210526316
0.846599343464285  -0.425178170716228
0.869888943360260  -0.375233462563412
0.890235114428755  -0.324019083150633
0.907569011667305  -0.271708325726296
0.921831982654570  -0.218478193334944
0.932975766011566  -0.164508799894987
0.940962654702893  -0.109982760750218
0.945765623625412  -0.055084574757293
0.894736842105263  0.000000000000000
0.893039820448934  0.055080810751423
0.887955192864364  0.109952681121060
0.879502247085596  0.164407463309563
0.867713048031324  0.218238591675916
0.852632316171666  0.271241866311671
0.834317257888108  0.323216227641137
0.812837348470100  0.373964519109227
0.788274068571491  0.423294235063798
0.760720595126497  0.471018250995529
0.730281447897672  0.516955533365277
0.697072092996653  0.560931826326306
0.661218504881642  0.602780312736393
0.622856688493145  0.642342246952395
0.582132163340638  0.679467557006843
0.539199411497229  0.714015413882320
0.494221291596242  0.745854765724160
0.447368421052632  0.774864834965024
0.398818528852692  0.800935576475582
0.348755781367134  0.823968095003380
0.297370083744959  0.843875020316406
0.244856359538180  0.860580838628312
0.191413811290024  0.874022179048064
0.137245164891455  0.884148053967443
0.082555900572428  0.890920052474505
0.027553473444995  0.894312486059327
-0.027553473444994  0.894312486059327
-0.082555900572428  0.890920052474505
-0.137245164891455  0.884148053967443
-0.191413811290024  0.874022179048064
-0.244856359538179  0.860580838628312
-0.297370083744959  0.843875020316406
-0.348755781367134  0.823968095003380
-0.398818528852692  0.800935576475582
-0.447368421052631  0.774864834965024
-0.494221291596242  0.745854765724160
-0.539199411497229  0.714015413882320
-0.582132163340638  0.679467557006843
-0.622856688493145  0.642342246952395
-0.661218504881642  0.602780312736393
-0.697072092996653  0.560931826326306
-0.730281447897672  0.516955533365277
-0.760720595126497  0.471018250995529
-0.788274068571491  0.423294235063799
-0.812837348470100  0.373964519109227
-0.834317257888108  0.323216227641137
-0.852632316171666  0.271241866311671
-0.867713048031324  0.218238591675917
-0.879502247085596  0.164407463309563
-0.887955192864364  0.109952681121060
-0.893039820448934  0.055080810751422
-0.894736842105263  0.000000000000000
-0.893039820448934  -0.055080810751422
-0.887955192864364  -0.109952681121060
-0.879502247085596  -0.164407463309563
-0.867713048031324  -0.218238591675916
-0.852632316171666  -0.271241866311670
-0.834317257888108  -0.323216227641137
-0.812837348470100  -0.373964519109227
-0.788274068571492  -0.423294235063798
-0.760720595126497  -0.471018250995529
-0.730281447897672  -0.516955533365277
-0.697072092996653  -0.560931826326306
-0.661218504881642  -0.602780312736393
-0.622856688493145  -0.642342246952395
-0.582132163340638  -0.679467557006843
-0.539199411497229  -0.714015413882319
-0.494221291596242  -0.745854765724159
-0.447368421052632  -0.774864834965024
-0.398818528852692  -0.800935576475582
-0.348755781367134  -0.823968095003380
-0.297370083744959  -0.843875020316406
-0.244856359538180  -0.860580838628312
-0.191413811290024  -0.874022179048064
-0.137245164891455  -0.884148053967443
-0.082555900572428  -0.890920052474505
-0.027553473444995  -0.894312486059327
0.027553473444994  -0.894312486059327
0.082555900572428  -0.890920052474505
0.137245164891455  -0.884148053967443
0.191413811290024  -0.874022179048064
0.244856359538179  -0.860580838628312
0.297370083744958  -0.843875020316406
0.348755781367134  -0.823968095003380
0.398818528852692  -0.800935576475582
0.447368421052632  -0.774864834965024
0.494221291596242  -0.745854765724160
0.539199411497229  -0.714015413882320
0.582132163340637  -0.679467557006843
0.622856688493144  -0.642342246952396
0.661218504881642  -0.602780312736393
0.697072092996652  -0.560931826326306
0.730281447897672  -0.516955533365277
0.760720595126497  -0.471018250995529
0.788274068571491  -0.423294235063799
0.812837348470100  -0.373964519109227
0.834317257888108  -0.323216227641137
0.852632316171666  -0.271241866311671
0.867713048031324  -0.218238591675917
0.879502247085596  -0.164407463309563
0.887955192864364  -0.109952681121060
0.893039820448934  -0.055080810751423
0.842105263157895  0.000000000000000
0.840302251148298  0.055076319351699
0.834900935893735  0.109916793448464
0.825924446655352  0.164286586960950
0.813411222138163  0.217952880086333
0.797414845890615  0.270685865518452
0.778003816851610  0.322259732517970
0.755261256027527  0.372453633868633
0.729284550555317  0.421052631578947
0.700184936675827  0.467848617279665
0.668087023403145  0.512641203375765
0.633128258929665  0.555238581136900
0.595458342051829  0.595458342051829
0.555238581136900  0.633128258929665
0.512641203375765  0.668087023403145
0.467848617279665  0.700184936675827
0.421052631578947  0.729284550555317
0.372453633868633  0.755261256027527
0.322259732517970  0.778003816851610
0.270685865518452  0.797414845890615
0.217952880086333  0.813411222138163
0.164286586960950  0.825924446655352
0.109916793448465  0.834900935893735
0.055076319351699  0.840302251148298
0.000000000000000  0.842105263157895
-0.055076319351699  0.840302251148298
-0.109916793448465  0.834900935893735
-0.164286586960950  0.825924446655352
-0.217952880086333  0.813411222138163
-0.270685865518452  0.797414845890615
-0.322259732517970  0.778003816851610
-0.372453633868633  0.755261256027527
-0.421052631578947  0.729284550555317
-0.467848617279665  0.700184936675828
-0.512641203375765  0.668087023403145
-0.555238581136900  0.633128258929665
-0.595458342051829  0.595458342051830
-0.633128258929665  0.555238581136900
-0.668087023403145  0.512641203375765
-0.700184936675828  0.467848617279665
-0.729284550555317  0.421052631578947
-0.755261256027527  0.372453633868633
-0.778003816851610  0.322259732517970
-0.797414845890615  0.270685865518452
-0.813411222138163  0.217952880086333
-0.825924446655352  0.164286586960950
-0.834900935893735  0.109916793448464
-0.840302251148298  0.055076319351699
-0.842105263157895  0.000000000000000
-0.840302251148298  -0.055076319351699
-0.834900935893735  -0.109916793448464
-0.825924446655352  -0.164286586960950
-0.813411222138163  -0.217952880086333
-0.797414845890615  -0.270685865518452
-0.778003816851610  -0.322259732517970
-0.755261256027527  -0.372453633868632
-0.729284550555317  -0.421052631578947
-0.700184936675828  -0.467848617279665
-0.668087023403145  -0.512641203375765
-0.633128258929665  -0.555238581136900
-0.595458342051830  -0.595458342051829
-0.555238581136900  -0.633128258929665
-0.512641203375765  -0.668087023403145
-0.467848617279665  -0.700184936675828
-0.421052631578948  -0.729284550555316
-0.372453633868633  -0.755261256027527
-0.322259732517971  -0.778003816851610
-0.270685865518452  -0.797414845890615
-0.217952880086333  -0.813411222138163
-0.164286586960950  -0.825924446655352
-0.109916793448465  -0.834900935893735
-0.055076319351700  -0.840302251148298
-0.000000000000000  -0.842105263157895
0.055076319351700  -0.840302251148298
0.109916793448464  -0.834900935893735
0.164286586960950  -0.825924446655352
0.217952880086333  -0.813411222138163
0.270685865518452  -0.797414845890615
0.322259732517971  -0.778003816851610
0.372453633868632  -0.755261256027527
0.421052631578947  -0.729284550555317
0.467848617279665  -0.700184936675828
0.512641203375765  -0.668087023403145
0.555238581136900  -0.633128258929666
0.595458342051829  -0.595458342051830
0.633128258929665  -0.555238581136900
0.668087023403145  -0.512641203375765
0.700184936675827  -0.467848617279665
0.729284550555316  -0.421052631578948
0.755261256027527  -0.372453633868633
0.778003816851610  -0.322259732517971
0.797414845890615  -0.270685865518452
0.813411222138163  -0.217952880086333
0.825924446655352  -0.164286586960950
0.834900935893735  -0.109916793448465
0.840302251148298  -0.055076319351700
0.789473684210526  0.000000000000000
0.787550565994598  0.055070900324309
0.781790580585450  0.109873500757946
0.772221790053005  0.164140808540336
0.758890812582883  0.217608438802894
0.741862595357296  0.270015902625528
0.721220098138895  0.321107876112474
0.697063889099153  0.370635444304651
0.669511654860336  0.418357313868320
0.638697627138116  0.464040988651952
0.604771928778141  0.507463902384110
0.567899842372619  0.548414502993945
0.528261005020151  0.586693283271627
0.486048533151836  0.622113752847412
0.441468081687432  0.654503346753980
0.394736842105263  0.683704266145609
0.346082484307166  0.709574247078290
0.295742047433615  0.731987253605358
0.243960785032853  0.750834091811963
0.190990970210264  0.766022941796839
0.137090666579156  0.777479805009638
0.082522471000779  0.785148864764426
0.027552234238817  0.788992758172970
-0.027552234238817  0.788992758172970
-0.082522471000779  0.785148864764426
-0.137090666579156  0.777479805009638
-0.190990970210264  0.766022941796839
-0.243960785032853  0.750834091811963
-0.295742047433615  0.731987253605358
-0.346082484307166  0.709574247078290
-0.394736842105263  0.683704266145610
-0.441468081687432  0.654503346753980
-0.486048533151835  0.622113752847412
-0.528261005020151  0.586693283271627
-0.567899842372619  0.548414502993945
-0.604771928778140  0.507463902384110
-0.638697627138116  0.464040988651953
-0.669511654860336  0.418357313868320
-0.697063889099153  0.370635444304651
-0.721220098138895  0.321107876112474
-0.741862595357296  0.270015902625528
-0.758890812582883  0.217608438802894
-0.772221790053005  0.164140808540336
-0.781790580585450  0.109873500757947
-0.787550565994598  0.055070900324310
-0.789473684210526  0.000000000000000
-0.787550565994598  -0.055070900324309
-0.781790580585450  -0.109873500757946
-0.772221790053005  -0.164140808540336
-0.758890812582883  -0.217608438802894
-0.741862595357296  -0.270015902625528
-0.721220098138895  -0.321107876112474
-0.697063889099153  -0.370635444304650
-0.669511654860336  -0.418357313868320
-0.638697627138117  -0.464040988651952
-0.604771928778141  -0.507463902384110
-0.567899842372619  -0.548414502993945
-0.528261005020151  -0.586693283271627
-0.486048533151835  -0.622113752847412
-0.441468081687432  -0.654503346753980
-0.394736842105263  -0.683704266145609
-0.346082484307167  -0.709574247078290
-0.295742047433615  -0.731987253605358
-0.243960785032853  -0.750834091811963
-0.190990970210264  -0.766022941796839
-0.137090666579156  -0.777479805009638
-0.082522471000779  -0.785148864764426
-0.027552234238816  -0.788992758172970
0.027552234238816  -0.788992758172970
0.082522471000779  -0.785148864764426
0.137090666579155  -0.777479805009638
0.190990970210264  -0.766022941796839
0.243960785032853  -0.750834091811963
0.295742047433615  -0.731987253605359
0.346082484307166  -0.709574247078290
0.394736842105263  -0.683704266145609
0.441468081687432  -0.654503346753980
0.486048533151835  -0.622113752847412
0.528261005020151  -0.586693283271627
0.567899842372619  -0.548414502993945
0.604771928778140  -0.507463902384110
0.638697627138116  -0.464040988651953
0.669511654860336  -0.418357313868320
0.697063889099153  -0.370635444304651
0.721220098138895  -0.321107876112474
0.741862595357296  -0.270015902625528
0.758890812582883  -0.217608438802895
0.772221790053004  -0.164140808540337
0.781790580585450  -0.109873500757947
0.787550565994598  -0.055070900324310
0.736842105263158  0.000000000000000
0.734781745291396  0.055064279484734
0.728612187744831  0.109820617182444
0.718367935291870  0.163962793441495
0.704106277947683  0.217188023250140
0.685906972685203  0.269198649533133
0.663871797401782  0.319703807770832
0.638123981735902  0.368421052631579
0.608807517917049  0.415077937520564
0.576086355502759  0.459413538211698
0.540143484506188  0.501179912041730
0.501179912041730  0.540143484506188
0.459413538211698  0.576086355502759
0.415077937520564  0.608807517917049
0.368421052631579  0.638123981735902
0.319703807770832  0.663871797401782
0.269198649533133  0.685906972685203
0.217188023250140  0.704106277947683
0.163962793441495  0.718367935291870
0.109820617182444  0.728612187744831
0.055064279484734  0.734781745291396
0.000000000000000  0.736842105263158
-0.055064279484734  0.734781745291396
-0.109820617182444  0.728612187744831
-0.163962793441495  0.718367935291870
-0.217188023250140  0.704106277947683
-0.269198649533133  0.685906972685203
-0.319703807770832  0.663871797401782
-0.368421052631579  0.638123981735902
-0.415077937520564  0.608807517917049
-0.459413538211698  0.576086355502759
-0.501179912041730  0.540143484506188
-0.540143484506188  0.501179912041730
-0.576086355502759  0.459413538211698
-0.608807517917049  0.415077937520564
-0.638123981735902  0.368421052631579
-0.663871797401782  0.319703807770832
-0.685906972685203  0.269198649533133
-0.704106277947683  0.217188023250140
-0.718367935291870  0.163962793441495
-0.728612187744831  0.109820617182445
-0.734781745291396  0.055064279484734
-0.736842105263158  0.000000000000000
-0.734781745291396  -0.055064279484733
-0.728612187744831  -0.109820617182444
-0.718367935291870  -0.163962793441495
-0.704106277947683  -0.217188023250140
-0.685906972685203  -0.269198649533133
-0.663871797401782  -0.319703807770832
-0.638123981735902  -0.368421052631579
-0.608807517917049  -0.415077937520564
-0.576086355502759  -0.459413538211698
-0.540143484506188  -0.501179912041730
-0.501179912041730  -0.540143484506188
-0.459413538211698  -0.576086355502759
-0.415077937520563  -0.608807517917049
-0.368421052631579  -0.638123981735902
-0.319703807770832  -0.663871797401782
-0.269198649533133  -0.685906972685203
-0.217188023250140  -0.704106277947683
-0.163962793441495  -0.718367935291870
-0.109820617182444  -0.728612187744831
-0.055064279484734  -0.734781745291396
-0.000000000000000  -0.736842105263158
0.055064279484734  -0.734781745291396
0.109820617182444  -0.728612187744832
0.163962793441495  -0.718367935291870
0.217188023250140  -0.704106277947683
0.269198649533133  -0.685906972685203
0.319703807770832  -0.663871797401783
0.368421052631579  -0.638123981735902
0.415077937520563  -0.608807517917049
0.459413538211698  -0.576086355502759
0.501179912041730  -0.540143484506188
0.540143484506188  -0.501179912041730
0.576086355502759  -0.459413538211699
0.608807517917049  -0.415077937520564
0.638123981735902  -0.368421052631579
0.663871797401782  -0.319703807770832
0.685906972685203  -0.269198649533133
0.704106277947683  -0.217188023250140
0.718367935291870  -0.163962793441495
0.728612187744831  -0.109820617182444
0.734781745291396  -0.055064279484734
0.684210526315789  0.000000000000000
0.681991842407617  0.055056073332497
0.675350179699625  0.109755086902678
0.664328611923088  0.163742296617803
0.648998618174363  0.216667574706271
0.629459619345511  0.268187680430578
0.605838333341670  0.317968486135210
0.578287953266807  0.365687144192706
0.546987153907659  0.411034180794407
0.512138932959174  0.453715503006860
0.473969294506568  0.493454306077347
0.432725783302100  0.529992868618922
0.388675879342370  0.563094224032502
0.342105263157895  0.592543697326195
0.293315963065248  0.618150297364998
0.242624396397524  0.639747955521600
0.190359317416520  0.657196602695149
0.136859685215188  0.670383077713131
0.082472465437853  0.679221861224984
0.027550380074863  0.683655630327916
-0.027550380074863  0.683655630327916
-0.082472465437852  0.679221861224984
-0.136859685215188  0.670383077713131
-0.190359317416520  0.657196602695149
-0.242624396397524  0.639747955521600
-0.293315963065248  0.618150297364998
-0.342105263157895  0.592543697326195
-0.388675879342370  0.563094224032502
-0.432725783302100  0.529992868618922
-0.473969294506568  0.493454306077347
-0.512138932959174  0.453715503006860
-0.546987153907659  0.411034180794407
-0.578287953266807  0.365687144192706
-0.605838333341670  0.317968486135210
-0.629459619345511  0.268187680430578
-0.648998618174363  0.216667574706271
-0.664328611923088  0.163742296617803
-0.675350179699625  0.109755086902678
-0.681991842407617  0.055056073332497
-0.684210526315789  0.000000000000000
-0.681991842407617  -0.055056073332497
-0.675350179699625  -0.109755086902678
-0.664328611923088  -0.163742296617802
-0.648998618174363  -0.216667574706270
-0.629459619345511  -0.268187680430578
-0.605838333341670  -0.317968486135210
-0.578287953266807  -0.365687144192706
-0.546987153907659  -0.411034180794407
-0.512138932959175  -0.453715503006860
-0.473969294506568  -0.493454306077347
-0.432725783302100  -0.529992868618922
-0.388675879342370  -0.563094224032502
-0.342105263157895  -0.592543697326195
-0.293315963065248  -0.618150297364998
-0.242624396397525  -0.639747955521600
-0.190359317416520  -0.657196602695150
-0.136859685215188  -0.670383077713131
-0.082472465437853  -0.679221861224984
-0.027550380074863  -0.683655630327916
0.027550380074863  -0.683655630327916
0.082472465437853  -0.679221861224984
0.136859685215188  -0.670383077713131
0.190359317416520  -0.657196602695150
0.242624396397524  -0.639747955521600
0.293315963065247  -0.618150297364998
0.342105263157895  -0.592543697326195
0.388675879342370  -0.563094224032502
0.432725783302100  -0.529992868618922
0.473969294506568  -0.493454306077347
0.512138932959174  -0.453715503006860
0.546987153907659  -0.411034180794407
0.578287953266807  -0.365687144192706
0.605838333341670  -0.317968486135210
0.629459619345511  -0.268187680430578
0.648998618174363  -0.216667574706271
0.664328611923088  -0.163742296617803
0.675350179699625  -0.109755086902678
0.681991842407617  -0.055056073332497
0.631578947368421  0.000000000000000
0.629175598794787  0.055045732261679
0.621983844007710  0.109672533263324
0.610058416603622  0.163464660064750
0.593490076285837  0.216012722100422
0.572404918128410  0.266916796888863
0.546963412916488  0.315789473684210
0.517359185866732  0.362258801905924
0.483817543022512  0.405971121907288
0.446593756538872  0.446593756538872
0.405971121907288  0.483817543022512
0.362258801905924  0.517359185866732
0.315789473684211  0.546963412916488
0.266916796888863  0.572404918128410
0.216012722100422  0.593490076285837
0.163464660064750  0.610058416603622
0.109672533263324  0.621983844007710
0.055045732261679  0.629175598794787
0.000000000000000  0.631578947368421
-0.055045732261679  0.629175598794787
-0.109672533263324  0.621983844007710
-0.163464660064750  0.610058416603622
-0.216012722100422  0.593490076285837
-0.266916796888863  0.572404918128411
-0.315789473684210  0.546963412916488
-0.362258801905924  0.517359185866732
-0.405971121907288  0.483817543022512
-0.446593756538872  0.446593756538872
-0.483817543022512  0.405971121907288
-0.517359185866732  0.362258801905924
-0.546963412916488  0.315789473684211
-0.572404918128410  0.266916796888863
-0.593490076285837  0.216012722100422
-0.610058416603622  0.163464660064750
-0.621983844007710  0.109672533263324
-0.629175598794787  0.055045732261679
-0.631578947368421  0.000000000000000
-0.629175598794787  -0.055045732261679
-0.621983844007710  -0.109672533263324
-0.610058416603622  -0.163464660064750
-0.593490076285837  -0.216012722100422
-0.572404918128411  -0.266916796888863
-0.546963412916488  -0.315789473684210
-0.517359185866732  -0.362258801905924
-0.483817543022512  -0.405971121907288
-0.446593756538872  -0.446593756538872
-0.405971121907288  -0.483817543022512
-0.362258801905924  -0.517359185866731
-0.315789473684211  -0.546963412916487
-0.266916796888863  -0.572404918128410
-0.216012722100422  -0.593490076285837
-0.163464660064750  -0.610058416603622
-0.109672533263324  -0.621983844007710
-0.055045732261679  -0.629175598794787
-0.000000000000000  -0.631578947368421
0.055045732261679  -0.629175598794787
0.109672533263324  -0.621983844007710
0.163464660064750  -0.610058416603622
0.216012722100422  -0.593490076285837
0.266916796888863  -0.572404918128410
0.315789473684211  -0.546963412916488
0.362258801905924  -0.517359185866732
0.405971121907288  -0.483817543022512
0.446593756538872  -0.446593756538872
0.483817543022512  -0.405971121907288
0.517359185866731  -0.362258801905924
0.546963412916487  -0.315789473684211
0.572404918128410  -0.266916796888863
0.593490076285837  -0.216012722100422
0.610058416603622  -0.163464660064750
0.621983844007710  -0.109672533263324
0.629175598794787  -0.055045732261679
0.578947368421053  0.000000000000000
0.576325849910733  0.055032446123474
0.568485035257356  0.109566509892869
0.555495932092604  0.163108322381880
0.537476171746147  0.215173000645453
0.514588943958114  0.265289038894817
0.487041519007526  0.313002578526925
0.455083370640561  0.357881518338245
0.419003916797672  0.399519427700170
0.379129898599902  0.437539227257728
0.335822421330694  0.471596603818615
0.289473684210526  0.501383128506780
0.240503428580040  0.526629049942090
0.189355136657455  0.547105737150598
0.136492015294932  0.562627750082050
0.082392801105586  0.573054518983698
0.027547424950588  0.578291617421742
-0.027547424950588  0.578291617421742
-0.082392801105586  0.573054518983698
-0.136492015294932  0.562627750082050
-0.189355136657455  0.547105737150598
-0.240503428580039  0.526629049942090
-0.289473684210526  0.501383128506780
-0.335822421330694  0.471596603818615
-0.379129898599902  0.437539227257729
-0.419003916797672  0.399519427700170
-0.455083370640561  0.357881518338245
-0.487041519007526  0.313002578526925
-0.514588943958114  0.265289038894817
-0.537476171746147  0.215173000645453
-0.555495932092604  0.163108322381880
-0.568485035257356  0.109566509892869
-0.576325849910733  0.055032446123474
-0.578947368421053  0.000000000000000
-0.576325849910733  -0.055032446123474
-0.568485035257356  -0.109566509892869
-0.555495932092604  -0.163108322381880
-0.537476171746147  -0.215173000645453
-0.514588943958114  -0.265289038894816
-0.487041519007526  -0.313002578526925
-0.455083370640561  -0.357881518338245
-0.419003916797672  -0.399519427700170
-0.379129898599902  -0.437539227257728
-0.335822421330694  -0.471596603818615
-0.289473684210527  -0.501383128506780
-0.240503428580039  -0.526629049942090
-0.189355136657455  -0.547105737150598
-0.136492015294931  -0.562627750082050
-0.082392801105586  -0.573054518983698
-0.027547424950588  -0.578291617421742
0.027547424950588  -0.578291617421742
0.082392801105586  -0.573054518983698
0.136492015294931  -0.562627750082051
0.189355136657455  -0.547105737150598
0.240503428580039  -0.526629049942090
0.289473684210526  -0.501383128506780
0.335822421330694  -0.471596603818616
0.379129898599902  -0.437539227257729
0.419003916797672  -0.399519427700170
0.455083370640561  -0.357881518338245
0.487041519007526  -0.313002578526925
0.514588943958113  -0.265289038894817
0.537476171746147  -0.215173000645453
0.555495932092604  -0.163108322381880
0.568485035257356  -0.109566509892869
0.576325849910733  -0.055032446123474
0.526315789473684  0.000000000000000
0.523432576509617  0.055014980667186
0.514814526702003  0.109427205693558
0.500556061207976  0.162640523355235
0.480813398759264  0.214071917408316
0.455802844097073  0.263157894736842
0.425798418092078  0.309360659101302
0.391128855514418  0.352174003346767
0.352174003346767  0.391128855514418
0.309360659101302  0.425798418092078
0.263157894736842  0.455802844097073
0.214071917408316  0.480813398759264
0.162640523355235  0.500556061207976
0.109427205693558  0.514814526702003
0.055014980667186  0.523432576509617
0.000000000000000  0.526315789473684
-0.055014980667186  0.523432576509617
-0.109427205693558  0.514814526702003
-0.162640523355235  0.500556061207976
-0.214071917408316  0.480813398759264
-0.263157894736842  0.455802844097073
-0.309360659101302  0.425798418092078
-0.352174003346767  0.391128855514418
-0.391128855514418  0.352174003346768
-0.425798418092078  0.309360659101302
-0.455802844097073  0.263157894736842
-0.480813398759264  0.214071917408316
-0.500556061207975  0.162640523355236
-0.514814526702003  0.109427205693558
-0.523432576509617  0.055014980667186
-0.526315789473684  0.000000000000000
-0.523432576509617  -0.055014980667186
-0.514814526702003  -0.109427205693557
-0.500556061207976  -0.162640523355235
-0.480813398759264  -0.214071917408316
-0.455802844097073  -0.263157894736842
-0.425798418092078  -0.309360659101302
-0.391128855514418  -0.352174003346767
-0.352174003346768  -0.391128855514418
-0.309360659101302  -0.425798418092078
-0.263157894736842  -0.455802844097073
-0.214071917408316  -0.480813398759264
-0.162640523355236  -0.500556061207975
-0.109427205693558  -0.514814526702003
-0.055014980667186  -0.523432576509617
-0.000000000000000  -0.526315789473684
0.055014980667186  -0.523432576509617
0.109427205693558  -0.514814526702003
0.162640523355235  -0.500556061207976
0.214071917408316  -0.480813398759264
0.263157894736842  -0.455802844097073
0.309360659101302  -0.425798418092078
0.352174003346767  -0.391128855514418
0.391128855514418  -0.352174003346767
0.425798418092078  -0.309360659101302
0.455802844097073  -0.263157894736842
0.480813398759264  -0.214071917408316
0.500556061207975  -0.162640523355236
0.514814526702003  -0.109427205693558
0.523432576509617  -0.055014980667186
0.473684210526316  0.000000000000000
0.470481327351447  0.054991380375109
0.460915991327285  0.109239096667472
0.445117557214378  0.162009541575317
0.423299671732143  0.212589085358114
0.395757384353496  0.260293726454592
0.362863157266884  0.304478341430466
0.325061828464137  0.344545409166181
0.282864596069741  0.379953091305021
0.236842105263158  0.410222559687366
0.187616731281706  0.434944471680130
0.135854162863148  0.453784505833653
0.082254399947493  0.466487883005783
0.027542287378646  0.472882811812706
-0.027542287378646  0.472882811812706
-0.082254399947493  0.466487883005783
-0.135854162863148  0.453784505833653
-0.187616731281706  0.434944471680130
-0.236842105263158  0.410222559687366
-0.282864596069741  0.379953091305021
-0.325061828464137  0.344545409166181
-0.362863157266884  0.304478341430466
-0.395757384353496  0.260293726454592
-0.423299671732143  0.212589085358114
-0.445117557214378  0.162009541575317
-0.460915991327285  0.109239096667472
-0.470481327351447  0.054991380375109
-0.473684210526316  0.000000000000000
-0.470481327351447  -0.054991380375109
-0.460915991327285  -0.109239096667472
-0.445117557214378  -0.162009541575317
-0.423299671732143  -0.212589085358114
-0.395757384353496  -0.260293726454592
-0.362863157266884  -0.304478341430466
-0.325061828464137  -0.344545409166181
-0.282864596069741  -0.379953091305021
-0.236842105263158  -0.410222559687366
-0.187616731281706  -0.434944471680130
-0.135854162863148  -0.453784505833653
-0.082254399947493  -0.466487883005783
-0.027542287378647  -0.472882811812706
0.027542287378646  -0.472882811812706
0.082254399947493  -0.466487883005783
0.135854162863148  -0.453784505833653
0.187616731281706  -0.434944471680130
0.236842105263158  -0.410222559687366
0.282864596069741  -0.379953091305021
0.325061828464137  -0.344545409166181
0.362863157266884  -0.304478341430466
0.395757384353496  -0.260293726454592
0.423299671732143  -0.212589085358114
0.445117557214378  -0.162009541575317
0.460915991327285  -0.109239096667472
0.470481327351447  -0.054991380375109
0.421052631578947  0.000000000000000
0.417450467946868  0.054958396724232
0.406705611069081  0.108976440043167
0.389001908425805  0.161129866258985
0.364642275277658  0.210526315789474
0.334043511701573  0.256320601687882
0.297729171025915  0.297729171025915
0.256320601687882  0.334043511701573
0.210526315789474  0.364642275277658
0.161129866258985  0.389001908425805
0.108976440043167  0.406705611069081
0.054958396724232  0.417450467946868
0.000000000000000  0.421052631578947
-0.054958396724232  0.417450467946868
-0.108976440043167  0.406705611069081
-0.161129866258985  0.389001908425805
-0.210526315789474  0.364642275277658
-0.256320601687882  0.334043511701573
-0.297729171025915  0.297729171025915
-0.334043511701573  0.256320601687882
-0.364642275277658  0.210526315789474
-0.389001908425805  0.161129866258985
-0.406705611069081  0.108976440043167
-0.417450467946868  0.054958396724232
-0.421052631578947  0.000000000000000
-0.417450467946868  -0.054958396724232
-0.406705611069081  -0.108976440043167
-0.389001908425805  -0.161129866258985
-0.364642275277658  -0.210526315789474
-0.334043511701573  -0.256320601687882
-0.297729171025915  -0.297729171025915
-0.256320601687882  -0.334043511701573
-0.210526315789474  -0.364642275277658
-0.161129866258985  -0.389001908425805
-0.108976440043167  -0.406705611069081
-0.054958396724232  -0.417450467946868
-0.000000000000000  -0.421052631578947
0.054958396724232  -0.417450467946868
0.108976440043166  -0.406705611069081
0.161129866258985  -0.389001908425805
0.210526315789474  -0.364642275277658
0.256320601687882  -0.334043511701573
0.297729171025915  -0.297729171025915
0.334043511701573  -0.256320601687883
0.364642275277658  -0.210526315789474
0.389001908425805  -0.161129866258985
0.406705611069081  -0.108976440043167
0.417450467946868  -0.054958396724232
0.368421052631579  0.000000000000000
0.364306093872416  0.054910308591222
0.352053138973841  0.108594011625070
0.331935898700891  0.159851903885416
0.304403758958524  0.207538968760282
0.270071742253094  0.250589956020865
0.229706769105849  0.288043177751379
0.184210526315789  0.319061990867951
0.134599324766567  0.342953486342602
0.081981396720747  0.359183967645935
0.027532139742367  0.367390872645698
-0.027532139742367  0.367390872645698
-0.081981396720747  0.359183967645935
-0.134599324766567  0.342953486342602
-0.184210526315789  0.319061990867951
-0.229706769105849  0.288043177751379
-0.270071742253094  0.250589956020865
-0.304403758958524  0.207538968760282
-0.331935898700891  0.159851903885416
-0.352053138973841  0.108594011625070
-0.364306093872416  0.054910308591222
-0.368421052631579  0.000000000000000
-0.364306093872416  -0.054910308591222
-0.352053138973841  -0.108594011625070
-0.331935898700891  -0.159851903885416
-0.304403758958524  -0.207538968760282
-0.270071742253094  -0.250589956020865
-0.229706769105849  -0.288043177751379
-0.184210526315790  -0.319061990867951
-0.134599324766567  -0.342953486342602
-0.081981396720747  -0.359183967645935
-0.027532139742367  -0.367390872645698
0.027532139742367  -0.367390872645698
0.081981396720747  -0.359183967645935
0.134599324766566  -0.342953486342602
0.184210526315789  -0.319061990867951
0.229706769105849  -0.288043177751379
0.270071742253094  -0.250589956020865
0.304403758958524  -0.207538968760282
0.331935898700891  -0.159851903885416
0.352053138973841  -0.108594011625070
0.364306093872416  -0.054910308591222
0.315789473684211  0.000000000000000
0.310991922003855  0.054836266631662
0.296745038142918  0.108006361050211
0.273481706458244  0.157894736842105
0.241908771511256  0.202985560953644
0.202985560953644  0.241908771511256
0.157894736842105  0.273481706458244
0.108006361050211  0.296745038142918
0.054836266631662  0.310991922003855
0.000000000000000  0.315789473684211
-0.054836266631662  0.310991922003855
-0.108006361050211  0.296745038142918
-0.157894736842105  0.273481706458244
-0.202985560953644  0.241908771511256
-0.241908771511256  0.202985560953644
-0.273481706458244  0.157894736842105
-0.296745038142918  0.108006361050211
-0.310991922003855  0.054836266631662
-0.315789473684211  0.000000000000000
-0.310991922003855  -0.054836266631662
-0.296745038142918  -0.108006361050211
-0.273481706458244  -0.157894736842105
-0.241908771511256  -0.202985560953644
-0.202985560953644  -0.241908771511256
-0.157894736842105  -0.273481706458244
-0.108006361050211  -0.296745038142918
-0.054836266631662  -0.310991922003855
-0.000000000000000  -0.315789473684211
0.054836266631662  -0.310991922003855
0.108006361050211  -0.296745038142918
0.157894736842105  -0.273481706458244
0.202985560953644  -0.241908771511256
0.241908771511256  -0.202985560953644
0.273481706458244  -0.157894736842105
0.296745038142918  -0.108006361050211
0.310991922003855  -0.054836266631662
0.263157894736842  0.000000000000000
0.257407263351001  0.054713602846779
0.240406699379632  0.107035958704158
0.212899209046039  0.154680329550651
0.176087001673384  0.195564427757209
0.131578947368421  0.227901422048536
0.081320261677618  0.250278030603988
0.027507490333593  0.261716288254809
-0.027507490333593  0.261716288254809
-0.081320261677618  0.250278030603988
-0.131578947368421  0.227901422048537
-0.176087001673384  0.195564427757209
-0.212899209046039  0.154680329550651
-0.240406699379632  0.107035958704158
-0.257407263351001  0.054713602846779
-0.263157894736842  0.000000000000000
-0.257407263351002  -0.054713602846779
-0.240406699379632  -0.107035958704158
-0.212899209046039  -0.154680329550651
-0.176087001673384  -0.195564427757209
-0.131578947368421  -0.227901422048536
-0.081320261677618  -0.250278030603988
-0.027507490333593  -0.261716288254809
0.027507490333593  -0.261716288254809
0.081320261677618  -0.250278030603988
0.131578947368421  -0.227901422048536
0.176087001673384  -0.195564427757209
0.212899209046039  -0.154680329550651
0.240406699379632  -0.107035958704158
0.257407263351001  -0.054713602846779
0.210526315789474  0.000000000000000
0.203352805534541  0.054488220021583
0.182321137638829  0.105263157894737
0.148864585512957  0.148864585512957
0.105263157894737  0.182321137638829
0.054488220021583  0.203352805534541
0.000000000000000  0.210526315789474
-0.054488220021583  0.203352805534541
-0.105263157894737  0.182321137638829
-0.148864585512957  0.148864585512957
-0.182321137638829  0.105263157894737
-0.203352805534541  0.054488220021583
-0.210526315789474  0.000000000000000
-0.203352805534541  -0.054488220021583
-0.182321137638829  -0.105263157894737
-0.148864585512957  -0.148864585512957
-0.105263157894737  -0.182321137638829
-0.054488220021583  -0.203352805534541
-0.000000000000000  -0.210526315789474
0.054488220021583  -0.203352805534541
0.105263157894737  -0.182321137638829
0.148864585512957  -0.148864585512957
0.182321137638829  -0.105263157894737
0.203352805534541  -0.054488220021583
0.157894736842105  0.000000000000000
0.148372519071459  0.054003180525106
0.120954385755628  0.101492780476822
0.078947368421053  0.136740853229122
0.027418133315831  0.155495961001928
-0.027418133315831  0.155495961001928
-0.078947368421053  0.136740853229122
-0.120954385755628  0.101492780476822
-0.148372519071459  0.054003180525106
-0.157894736842105  0.000000000000000
-0.148372519071459  -0.054003180525106
-0.120954385755628  -0.101492780476822
-0.078947368421053  -0.136740853229122
-0.027418133315831  -0.155495961001928
0.027418133315831  -0.155495961001928
0.078947368421053  -0.136740853229122
0.120954385755628  -0.101492780476822
0.148372519071459  -0.054003180525106
0.105263157894737  0.000000000000000
0.091160568819415  0.052631578947368
0.052631578947368  0.091160568819415
0.000000000000000  0.105263157894737
-0.052631578947368  0.091160568819415
-0.091160568819415  0.052631578947368
-0.105263157894737  0.000000000000000
-0.091160568819415  -0.052631578947368
-0.052631578947368  -0.091160568819415
-0.000000000000000  -0.105263157894737
0.052631578947368  -0.091160568819415
0.091160568819415  -0.052631578947368
0.052631578947368  0.000000000000000
0.026315789473684  0.045580284409707
-0.026315789473684  0.045580284409707
-0.052631578947368  0.000000000000000
-0.026315789473684  -0.045580284409707
0.026315789473684  -0.045580284409707
0.000000000000000  0.000000000000000
3 113 114 1 
4 0 114 115 2 
4 1 115 116 3 
4 2 116 117 4 
4 3 117 118 5 
4 4 118 119 6 
4 5 119 120 7 
4 6 120 121 8 
4 7 121 122 9 
4 8 122 123 10 
4 9 123 124 11 
4 10 124 125 12 
4 11 125 126 13 
4 12 126 127 14 
4 13 127 128 15 
4 14 128 129 16 
4 15 129 130 17 
4 16 130 131 18 
4 17 131 132 19 
3 18 132 20 
4 19 132 133 21 
4 20 133 134 22 
4 21 134 135 23 
4 22 135 136 24 
4 23 136 137 25 
4 24 137 138 26 
4 25 138 139 27 
4 26 139 140 28 
4 27 140 141 29 
4 28 141 142 30 
4 29 142 143 31 
4 30 143 144 32 
4 31 144 145 33 
4 32 145 146 34 
4 33 146 147 35 
4 34 147 148 36 
4 35 148 149 37 
4 36 149 150 38 
3 37 150 39 
4 38 150 151 40 
4 39 151 152 41 
4 40 152 153 42 
4 41 153 154 43 
4 42 154 155 44 
4 43 155 156 45 
4 44 156 157 46 
4 45 157 158 47 
4 46 158 159 48 
4 47 159 160 49 
4 48 160 161 50 
4 49 161 162 51 
4 50 162 163 52 
4 51 163 164 53 
4 52 164 165 54 
4 53 165 166 55 
4 54 166 167 56 
4 55 167 168 57 
3 56 168 58 
4 57 168 169 59 
4 58 169 170 60 
4 59 170 171 61 
4 60 171 172 62 
4 61 172 173 63 
4 62 173 174 64 
4 63 174 175 65 
4 64 175 176 66 
4 65 176 177 67 
4 66 177 178 68 
4 67 178 179 69 
4 68 179 180 70 
4 69 180 181 71 
4 70 181 182 72 
4 71 182 183 73 
4 72 183 184 74 
4 73 184 185 75 
4 74 185 186 76 
3 75 186 77 
4 76 186 187 78 
4 77 187 188 79 
4 78 188 189 80 
4 79 189 190 81 
4 80 190 191 82 
4 81 191 192 83 
4 82 192 193 84 
4 83 193 194 85 
4 84 194 195 86 
4 85 195 196 87 
4 86 196 197 88 
4 87 197 198 89 
4 88 198 199 90 
4 89 199 200 91 
4 90 200 201 92 
4 91 201 202 93 
4 92 202 203 94 
4 93 203 204 95 
3 94 204 96 
4 95 204 205 97 
4 96 205 206 98 
4 97 206 207 99 
4 98 207 208 100 
4 99 208 209 101 
4 100 209 210 102 
4 101 210 211 103 
4 102 211 212 104 
4 103 212 213 105 
4 104 213 214 106 
4 105 214 215 107 
4 106 215 216 108 
4 107 216 217 109 
4 108 217 218 110 
4 109 218 219 111 
4 110 219 220 112 
4 111 220 221 113 
4 112 221 114 0 
6 0 113 221 222 115 1 
6 1 114 222 223 116 2 
6 2 115 223 224 117 3 
6 3 116 224 225 118 4 
6 4 117 225 226 119 5 
6 5 118 226 227 120 6 
6 6 119 227 228 121 7 
6 7 120 228 229 122 8 
6 8 121 229 230 123 9 
6 9 122 230 231 124 10 
6 10 123 231 232 125 11 
6 11 124 232 233 126 12 
6 12 125 233 234 127 13 
6 13 126 234 235 128 14 
6 14 127 235 236 129 15 
6 15 128 236 237 130 16 
6 16 129 237 238 131 17 
6 17 130 238 239 132 18 
6 18 131 239 133 20 19 
6 20 132 239 240 134 21 
6 21 133 240 241 135 22 
6 22 134 241 242 136 23 
6 23 135 242 243 137 24 
6 24 136 243 244 138 25 
6 25 137 244 245 139 26 
6 26 138 245 246 140 27 
6 27 139 246 247 141 28 
6 28 140 247 248 142 29 
6 29 141 248 249 143 30 
6 30 142 249 250 144 31 
6 31 143 250 251 145 32 
6 32 144 251 252 146 33 
6 33 145 252 253 147 34 
6 34 146 253 254 148 35 
6 35 147 254 255 149 36 
6 36 148 255 256 150 37 
6 37 149 256 151 39 38 
6 39 150 256 257 152 40 
6 40 151 257 258 153 41 
6 41 152 258 259 154 42 
6 42 153 259 260 155 43 
6 43 154 260 261 156 44 
6 44 155 261 262 157 45 
6 45 156 262 263 158 46 
6 46 157 263 264 159 47 
6 47 158 264 265 160 48 
6 48 159 265 266 161 49 
6 49 160 266 267 162 50 
6 50 161 267 268 163 51 
6 51 162 268 269 164 52 
6 52 163 269 270 165 53 
6 53 164 270 271 166 54 
6 54 165 271 272 167 55 
6 55 166 272 273 168 56 
6 56 167 273 169 58 57 
6 58 168 273 274 170 59 
6 59 169 274 275 171 60 
6 60 170 275 276 172 61 
6 61 171 276 277 173 62 
6 62 172 277 278 174 63 
6 63 173 278 279 175 64 
6 64 174 279 280 176 65 
6 65 175 280 281 177 66 
6 66 176 281 282 178 67 
6 67 177 282 283 179 68 
6 68 178 283 284 180 69 
6 69 179 284 285 181 70 
6 70 180 285 286 182 71 
6 71 181 286 287 183 72 
6 72 182 287 288 184 73 
6 73 183 288 289 185 74 
6 74 184 289 290 186 75 
6 75 185 290 187 77 76 
6 77 186 290 291 188 78 
6 78 187 291 292 189 79 
6 79 188 292 293 190 80 
6 80 189 293 294 191 81 
6 81 190 294 295 192 82 
6 82 191 295 296 193 83 
6 83 192 296 297 194 84 
6 84 193 297 298 195 85 
6 85 194 298 299 196 86 
6 86 195 299 300 197 87 
6 87 196 300 301 198 88 
6 88 197 301 302 199 89 
6 89 198 302 303 200 90 
6 90 199 303 304 201 91 
6 91 200 304 305 202 92 
6 92 201 305 306 203 93 
6 93 202 306 307 204 94 
6 94 203 307 205 96 95 
6 96 204 307 308 206 97 
6 97 205 308 309 207 98 
6 98 206 309 310 208 99 
6 99 207 310 311 209 100 
6 100 208 311 312 210 101 
6 101 209 312 313 211 102 
6 102 210 313 314 212 103 
6 103 211 314 315 213 104 
6 104 212 315 316 214 105 
6 105 213 316 317 215 106 
6 106 214 317 318 216 107 
6 107 215 318 319 217 108 
6 108 216 319 320 218 109 
6 109 217 320 321 219 110 
6 110 218 321 322 220 111 
6 111 219 322 323 221 112 
6 112 220 323 222 114 113 
6 114 221 323 324 223 115 
6 115 222 324 325 224 116 
6 116 223 325 326 225 117 
6 117 224 326 327 226 118 
6 118 225 327 328 227 119 
6 119 226 328 329 228 120 
6 120 227 329 330 229 121 
6 121 228 330 331 230 122 
6 122 229 331 332 231 123 
6 123 230 332 333 232 124 
6 124 231 333 334 233 125 
6 125 232 334 335 234 126 
6 126 233 335 336 235 127 
6 127 234 336 337 236 128 
6 128 235 337 338 237 129 
6 129 236 338 339 238 130 
6 130 237 339 340 239 131 
6 131 238 340 240 133 132 
6 133 239 340 341 241 134 
6 134 240 341 342 242 135 
6 135 241 342 343 243 136 
6 136 242 343 344 244 137 
6 137 243 344 345 245 138 
6 138 244 345 346 246 139 
6 139 245 346 347 247 140 
6 140 246 347 348 248 141 
6 141 247 348 349 249 142 
6 142 248 349 350 250 143 
6 143 249 350 351 251 144 
6 144 250 351 352 252 145 
6 145 251 352 353 253 146 
6 146 252 353 354 254 147 
6 147 253 354 355 255 148 
6 148 254 355 356 256 149 
6 149 255 356 257 151 150 
6 151 256 356 357 258 152 
6 152 257 357 358 259 153 
6 153 258 358 359 260 154 
6 154 259 359 360 261 155 
6 155 260 360 361 262 156 
6 156 261 361 362 263 157 
6 157 262 362 363 264 158 
6 158 263 363 364 265 159 
6 159 264 364 365 266 160 
6 160 265 365 366 267 161 
6 161 266 366 367 268 162 
6 162 267 367 368 269 163 
6 163 268 368 369 270 164 
6 164 269 369 370 271 165 
6 165 270 370 371 272 166 
6 166 271 371 372 273 167 
6 167 272 372 274 169 168 
6 169 273 372 373 275 170 
6 170 274 373 374 276 171 
6 171 275 374 375 277 172 
6 172 276 375 376 278 173 
6 173 277 376 377 279 174 
6 174 278 377 378 280 175 
6 175 279 378 379 281 176 
6 176 280 379 380 282 177 
6 177 281 380 381 283 178 
6 178 282 381 382 284 179 
6 179 283 382 383 285 180 
6 180 284 383 384 286 181 
6 181 285 384 385 287 182 
6 182 286 385 386 288 183 
6 183 287 386 387 289 184 
6 184 288 387 388 290 185 
6 185 289 388 291 187 186 
6 187 290 388 389 292 188 
6 188 291 389 390 293 189 
6 189 292 390 391 294 190 
6 190 293 391 392 295 191 
6 191 294 392 393 296 192 
6 192 295 393 394 297 193 
6 193 296 394 395 298 194 
6 194 297 395 396 299 195 
6 195 298 396 397 300 196 
6 196 299 397 398 301 197 
6 197 300 398 399 302 198 
6 198 301 399 400 303 199 
6 199 302 400 401 304 200 
6 200 303 401 402 305 201 
6 201 304 402 403 306 202 
6 202 305 403 404 307 203 
6 203 306 404 308 205 204 
6 205 307 404 405 309 206 
6 206 308 405 406 310 207 
6 207 309 406 407 311 208 
6 208 310 407 408 312 209 
6 209 311 408 409 313 210 
6 210 312 409 410 314 211 
6 211 313 410 411 315 212 
6 212 314 411 412 316 213 
6 213 315 412 413 317 214 
6 214 316 413 414 318 215 
6 215 317 414 415 319 216 
6 216 318 415 416 320 217 
6 217 319 416 417 321 218 
6 218 320 417 418 322 219 
6 219 321 418 419 323 220 
6 220 322 419 324 222 221 
6 222 323 419 420 325 223 
6 223 324 420 421 326 224 
6 224 325 421 422 327 225 
6 225 326 422 423 328 226 
6 226 327 423 424 329 227 
6 227 328 424 425 330 228 
6 228 329 425 426 331 229 
6 229 330 426 427 332 230 
6 230 331 427 428 333 231 
6 231 332 428 429 334 232 
6 232 333 429 430 335 233 
6 233 334 430 431 336 234 
6 234 335 431 432 337 235 
6 235 336 432 433 338 236 
6 236 337 433 434 339 237 
6 237 338 434 435 340 238 
6 238 339 435 341 240 239 
6 240 340 435 436 342 241 
6 241 341 436 437 343 242 
6 242 342 437 438 344 243 
6 243 343 438 439 345 244 
6 244 344 439 440 346 245 
6 245 345 440 441 347 246 
6 246 346 441 442 348 247 
6 247 347 442 443 349 248 
6 248 348 443 444 350 249 
6 249 349 444 445 351 250 
6 250 350 445 446 352 251 
6 251 351 446 447 353 252 
6 252 352 447 448 354 253 
6 253 353 448 449 355 254 
6 254 354 449 450 356 255 
6 255 355 450 357 257 256 
6 257 356 450 451 358 258 
6 258 357 451 452 359 259 
6 259 358 452 453 360 260 
6 260 359 453 454 361 261 
6 261 360 454 455 362 262 
6 262 361 455 456 363 263 
6 263 362 456 457 364 264 
6 264 363 457 458 365 265 
6 265 364 458 459 366 266 
6 266 365 459 460 367 267 
6 267 366 460 461 368 268 
6 268 367 461 462 369 269 
6 269 368 462 463 370 270 
6 270 369 463 464 371 271 
6 271 370 464 465 372 272 
6 272 371 465 373 274 273 
6 274 372 465 466 374 275 
6 275 373 466 467 375 276 
6 276 374 467 468 376 277 
6 277 375 468 469 377 278 
6 278 376 469 470 378 279 
6 279 377 470 471 379 280 
6 280 378 471 472 380 281 
6 281 379 472 473 381 282 
6 282 380 473 474 382 283 
6 283 381 474 475 383 284 
6 284 382 475 476 384 285 
6 285 383 476 477 385 286 
6 286 384 477 478 386 287 
6 287 385 478 479 387 288 
6 288 386 479 480 388 289 
6 289 387 480 389 291 290 
6 291 388 480 481 390 292 
6 292 389 481 482 391 293 
6 293 390 482 483 392 294 
6 294 391 483 484 393 295 
6 295 392 484 485 394 296 
6 296 393 485 486 395 297 
6 297 394 486 487 396 298 
6 298 395 487 488 397 299 
6 299 396 488 489 398 300 
6 300 397 489 490 399 301 
6 301 398 490 491 400 302 
6 302 399 491 492 401 303 
6 303 400 492 493 402 304 
6 304 401 493 494 403 305 
6 305 402 494 495 404 306 
6 306 403 495 405 308 307 
6 308 404 495 496 406 309 
6 309 405 496 497 407 310 
6 310 406 497 498 408 311 
6 311 407 498 499 409 312 
6 312 408 499 500 410 313 
6 313 409 500 501 411 314 
6 314 410 501 502 412 315 
6 315 411 502 503 413 316 
6 316 412 503 504 414 317 
6 317 413 504 505 415 318 
6 318 414 505 506 416 319 
6 319 415 506 507 417 320 
6 320 416 507 508 418 321 
6 321 417 508 509 419 322 
6 322 418 509 420 324 323 
6 324 419 509 510 421 325 
6 325 420 510 511 422 326 
6 326 421 511 512 423 327 
6 327 422 512 513 424 328 
6 328 423 513 514 425 329 
6 329 424 514 515 426 330 
6 330 425 515 516 427 331 
6 331 426 516 517 428 332 
6 332 427 517 518 429 333 
6 333 428 518 519 430 334 
6 334 429 519 520 431 335 
6 335 430 520 521 432 336 
6 336 431 521 522 433 337 
6 337 432 522 523 434 338 
6 338 433 523 524 435 339 
6 339 434 524 436 341 340 
6 341 435 524 525 437 342 
6 342 436 525 526 438 343 
6 343 437 526 527 439 344 
6 344 438 527 528 440 345 
6 345 439 528 529 441 346 
6 346 440 529 530 442 347 
6 347 441 530 531 443 348 
6 348 442 531 532 444 349 
6 349 443 532 533 445 350 
6 350 444 533 534 446 351 
6 351 445 534 535 447 352 
6 352 446 535 536 448 353 
6 353 447 536 537 449 354 
6 354 448 537 538 450 355 
6 355 449 538 451 357 356 
6 357 450 538 539 452 358 
6 358 451 539 540 453 359 
6 359 452 540 541 454 360 
6 360 453 541 542 455 361 
6 361 454 542 543 456 362 
6 362 455 543 544 457 363 
6 363 456 544 545 458 364 
6 364 457 545 546 459 365 
6 365 458 546 547 460 366 
6 366 459 547 548 461 367 
6 367 460 548 549 462 368 
6 368 461 549 550 463 369 
6 369 462 550 551 464 370 
6 370 463 551 552 465 371 
6 371 464 552 466 373 372 
6 373 465 552 553 467 374 
6 374 466 553 554 468 375 
6 375 467 554 555 469 376 
6 376 468 555 556 470 377 
6 377 469 556 557 471 378 
6 378 470 557 558 472 379 
6 379 471 558 559 473 380 
6 380 472 559 560 474 381 
6 381 473 560 561 475 382 
6 382 474 561 562 476 383 
6 383 475 562 563 477 384 
6 384 476 563 564 478 385 
6 385 477 564 565 479 386 
6 386 478 565 566 480 387 
6 387 479 566 481 389 388 
6 389 480 566 567 482 390 
6 390 481 567 568 483 391 
6 391 482 568 569 484 392 
6 392 483 569 570 485 393 
6 393 484 570 571 486 394 
6 394 485 571 572 487 395 
6 395 486 572 573 488 396 
6 396 487 573 574 489 397 
6 397 488 574 575 490 398 
6 398 489 575 576 491 399 
6 399 490 576 577 492 400 
6 400 491 577 578 493 401 
6 401 492 578 579 494 402 
6 402 493 579 580 495 403 
6 403 494 580 496 405 404 
6 405 495 580 581 497 406 
6 406 496 581 582 498 407 
6 407 497 582 583 499 408 
6 408 498 583 584 500 409 
6 409 499 584 585 501 410 
6 410 500 585 586 502 411 
6 411 501 586 587 503 412 
6 412 502 587 588 504 413 
6 413 503 588 589 505 414 
6 414 504 589 590 506 415 
6 415 505 590 591 507 416 
6 416 506 591 592 508 417 
6 417 507 592 593 509 418 
6 418 508 593 510 420 419 
6 420 509 593 594 511 421 
6 421 510 594 595 512 422 
6 422 511 595 596 513 423 
6 423 512 596 597 514 424 
6 424 513 597 598 515 425 
6 425 514 598 599 516 426 
6 426 515 599 600 517 427 
6 427 516 600 601 518 428 
6 428 517 601 602 519 429 
6 429 518 602 603 520 430 
6 430 519 603 604 521 431 
6 431 520 604 605 522 432 
6 432 521 605 606 523 433 
6 433 522 606 607 524 434 
6 434 523 607 525 436 435 
6 436 524 607 608 526 437 
6 437 525 608 609 527 438 
6 438 526 609 610 528 439 
6 439 527 610 611 529 440 
6 440 528 611 612 530 441 
6 441 529 612 613 531 442 
6 442 530 613 614 532 443 
6 443 531 614 615 533 444 
6 444 532 615 616 534 445 
6 445 533 616 617 535 446 
6 446 534 617 618 536 447 
6 447 535 618 619 537 448 
6 448 536 619 620 538 449 
6 449 537 620 539 451 450 
6 451 538 620 621 540 452 
6 452 539 621 622 541 453 
6 453 540 622 623 542 454 
6 454 541 623 624 543 455 
6 455 542 624 625 544 456 
6 456 543 625 626 545 457 
6 457 544 626 627 546 458 
6 458 545 627 628 547 459 
6 459 546 628 629 548 460 
6 460 547 629 630 549 461 
6 461 548 630 631 550 462 
6 462 549 631 632 551 463 
6 463 550 632 633 552 464 
6 464 551 633 553 466 465 
6 466 552 633 634 554 467 
6 467 553 634 635 555 468 
6 468 554 635 636 556 469 
6 469 555 636 637 557 470 
6 470 556 637 638 558 471 
6 471 557 638 639 559 472 
6 472 558 639 640 560 473 
6 473 559 640 641 561 474 
6 474 560 641 642 562 475 
6 475 561 642 643 563 476 
6 476 562 643 644 564 477 
6 477 563 644 645 565 478 
6 478 564 645 646 566 479 
6 479 565 646 567 481 480 
6 481 566 646 647 568 482 
6 482 567 647 648 569 483 
6 483 568 648 649 570 484 
6 484 569 649 650 571 485 
6 485 570 650 651 572 486 
6 486 571 651 652 573 487 
6 487 572 652 653 574 488 
6 488 573 653 654 575 489 
6 489 574 654 655 576 490 
6 490 575 655 656 577 491 
6 491 576 656 657 578 492 
6 492 577 657 658 579 493 
6 493 578 658 659 580 494 
6 494 579 659 581 496 495 
6 496 580 659 660 582 497 
6 497 581 660 661 583 498 
6 498 582 661 662 584 499 
6 499 583 662 663 585 500 
6 500 584 663 664 586 501 
6 501 585 664 665 587 502 
6 502 586 665 666 588 503 
6 503 587 666 667 589 504 
6 504 588 667 668 590 505 
6 505 589 668 669 591 506 
6 506 590 669 670 592 507 
6 507 591 670 671 593 508 
6 508 592 671 594 510 509 
6 510 593 671 672 595 511 
6 511 594 672 673 596 512 
6 512 595 673 674 597 513 
6 513 596 674 675 598 514 
6 514 597 675 676 599 515 
6 515 598 676 677 600 516 
6 516 599 677 678 601 517 
6 517 600 678 679 602 518 
6 518 601 679 680 603 519 
6 519 602 680 681 604 520 
6 520 603 681 682 605 521 
6 521 604 682 683 606 522 
6 522 605 683 684 607 523 
6 523 606 684 608 525 524 
6 525 607 684 685 609 526 
6 526 608 685 686 610 527 
6 527 609 686 687 611 528 
6 528 610 687 688 612 529 
6 529 611 688 689 613 530 
6 530 612 689 690 614 531 
6 531 613 690 691 615 532 
6 532 614 691 692 616 533 
6 533 615 692 693 617 534 
6 534 616 693 694 618 535 
6 535 617 694 695 619 536 
6 536 618 695 696 620 537 
6 537 619 696 621 539 538 
6 539 620 696 697 622 540 
6 540 621 697 698 623 541 
6 541 622 698 699 624 542 
6 542 623 699 700 625 543 
6 543 624 700 701 626 544 
6 544 625 701 702 627 545 
6 545 626 702 703 628 546 
6 546 627 703 704 629 547 
6 547 628 704 705 630 548 
6 548 629 705 706 631 549 
6 549 630 706 707 632 550 
6 550 631 707 708 633 551 
6 551 632 708 634 553 552 
6 553 633 708 709 635 554 
6 554 634 709 710 636 555 
6 555 635 710 711 637 556 
6 556 636 711 712 638 557 
6 557 637 712 713 639 558 
6 558 638 713 714 640 559 
6 559 639 714 715 641 560 
6 560 640 715 716 642 561 
6 561 641 716 717 643 562 
6 562 642 717 718 644 563 
6 563 643 718 719 645 564 
6 564 644 719 720 646 565 
6 565 645 720 647 567 566 
6 567 646 720 721 648 568 
6 568 647 721 722 649 569 
6 569 648 722 723 650 570 
6 570 649 723 724 651 571 
6 571 650 724 725 652 572 
6 572 651 725 726 653 573 
6 573 652 726 727 654 574 
6 574 653 727 728 655 575 
6 575 654 728 729 656 576 
6 576 655 729 730 657 577 
6 577 656 730 731 658 578 
6 578 657 731 732 659 579 
6 579 658 732 660 581 580 
6 581 659 732 733 661 582 
6 582 660 733 734 662 583 
6 583 661 734 735 663 584 
6 584 662 735 736 664 585 
6 585 663 736 737 665 586 
6 586 664 737 738 666 587 
6 587 665 738 739 667 588 
6 588 666 739 740 668 589 
6 589 667 740 741 669 590 
6 590 668 741 742 670 591 
6 591 669 742 743 671 592 
6 592 670 743 672 594 593 
6 594 671 743 744 673 595 
6 595 672 744 745 674 596 
6 596 673 745 746 675 597 
6 597 674 746 747 676 598 
6 598 675 747 748 677 599 
6 599 676 748 749 678 600 
6 600 677 749 750 679 601 
6 601 678 750 751 680 602 
6 602 679 751 752 681 603 
6 603 680 752 753 682 604 
6 604 681 753 754 683 605 
6 605 682 754 755 684 606 
6 606 683 755 685 608 607 
6 608 684 755 756 686 609 
6 609 685 756 757 687 610 
6 610 686 757 758 688 611 
6 611 687 758 759 689 612 
6 612 688 759 760 690 613 
6 613 689 760 761 691 614 
6 614 690 761 762 692 615 
6 615 691 762 763 693 616 
6 616 692 763 764 694 617 
6 617 693 764 765 695 618 
6 618 694 765 766 696 619 
6 619 695 766 697 621 620 
6 621 696 766 767 698 622 
6 622 697 767 768 699 623 
6 623 698 768 769 700 624 
6 624 699 769 770 701 625 
6 625 700 770 771 702 626 
6 626 701 771 772 703 627 
6 627 702 772 773 704 628 
6 628 703 773 774 705 629 
6 629 704 774 775 706 630 
6 630 705 775 776 707 631 
6 631 706 776 777 708 632 
6 632 707 777 709 634 633 
6 634 708 777 778 710 635 
6 635 709 778 779 711 636 
6 636 710 779 780 712 637 
6 637 711 780 781 713 638 
6 638 712 781 782 714 639 
6 639 713 782 783 715 640 
6 640 714 783 784 716 641 
6 641 715 784 785 717 642 
6 642 716 785 786 718 643 
6 643 717 786 787 719 644 
6 644 718 787 788 720 645 
6 645 719 788 721 647 646 
6 647 720 788 789 722 648 
6 648 721 789 790 723 649 
6 649 722 790 791 724 650 
6 650 723 791 792 725 651 
6 651 724 792 793 726 652 
6 652 725 793 794 727 653 
6 653 726 794 795 728 654 
6 654 727 795 796 729 655 
6 655 728 796 797 730 656 
6 656 729 797 798 731 657 
6 657 730 798 799 732 658 
6 658 731 799 733 660 659 
6 660 732 799 800 734 661 
6 661 733 800 801 735 662 
6 662 734 801 802 736 663 
6 663 735 802 803 737 664 
6 664 736 803 804 738 665 
6 665 737 804 805 739 666 
6 666 738 805 806 740 667 
6 667 739 806 807 741 668 
6 668 740 807 808 742 669 
6 669 741 808 809 743 670 
6 670 742 809 744 672 671 
6 672 743 809 810 745 673 
6 673 744 810 811 746 674 
6 674 745 811 812 747 675 
6 675 746 812 813 748 676 
6 676 747 813 814 749 677 
6 677 748 814 815 750 678 
6 678 749 815 816 751 679 
6 679 750 816 817 752 680 
6 680 751 817 818 753 681 
6 681 752 818 819 754 682 
6 682 753 819 820 755 683 
6 683 754 820 756 685 684 
6 685 755 820 821 757 686 
6 686 756 821 822 758 687 
6 687 757 822 823 759 688 
6 688 758 823 824 760 689 
6 689 759 824 825 761 690 
6 690 760 825 826 762 691 
6 691 761 826 827 763 692 
6 692 762 827 828 764 693 
6 693 763 828 829 765 694 
6 694 764 829 830 766 695 
6 695 765 830 767 697 696 
6 697 766 830 831 768 698 
6 698 767 831 832 769 699 
6 699 768 832 833 770 700 
6 700 769 833 834 771 701 
6 701 770 834 835 772 702 
6 702 771 835 836 773 703 
6 703 772 836 837 774 704 
6 704 773 837 838 775 705 
6 705 774 838 839 776 706 
6 706 775 839 840 777 707 
6 707 776 840 778 709 708 
6 709 777 840 841 779 710 
6 710 778 841 842 780 711 
6 711 779 842 843 781 712 
6 712 780 843 844 782 713 
6 713 781 844 845 783 714 
6 714 782 845 846 784 715 
6 715 783 846 847 785 716 
6 716 784 847 848 786 717 
6 717 785 848 849 787 718 
6 718 786 849 850 788 719 
6 719 787 850 789 721 720 
6 721 788 850 851 790 722 
6 722 789 851 852 791 723 
6 723 790 852 853 792 724 
6 724 791 853 854 793 725 
6 725 792 854 855 794 726 
6 726 793 855 856 795 727 
6 727 794 856 857 796 728 
6 728 795 857 858 797 729 
6 729 796 858 859 798 730 
6 730 797 859 860 799 731 
6 731 798 860 800 733 732 
6 733 799 860 861 801 734 
6 734 800 861 862 802 735 
6 735 801 862 863 803 736 
6 736 802 863 864 804 737 
6 737 803 864 865 805 738 
6 738 804 865 866 806 739 
6 739 805 866 867 807 740 
6 740 806 867 868 808 741 
6 741 807 868 869 809 742 
6 742 808 869 810 744 743 
6 744 809 869 870 811 745 
6 745 810 870 871 812 746 
6 746 811 871 872 813 747 
6 747 812 872 873 814 748 
6 748 813 873 874 815 749 
6 749 814 874 875 816 750 
6 750 815 875 876 817 751 
6 751 816 876 877 818 752 
6 752 817 877 878 819 753 
6 753 818 878 879 820 754 
6 754 819 879 821 756 755 
6 756 820 879 880 822 757 
6 757 821 880 881 823 758 
6 758 822 881 882 824 759 
6 759 823 882 883 825 760 
6 760 824 883 884 826 761 
6 761 825 884 885 827 762 
6 762 826 885 886 828 763 
6 763 827 886 887 829 764 
6 764 828 887 888 830 765 
6 765 829 888 831 767 766 
6 767 830 888 889 832 768 
6 768 831 889 890 833 769 
6 769 832 890 891 834 770 
6 770 833 891 892 835 771 
6 771 834 892 893 836 772 
6 772 835 893 894 837 773 
6 773 836 894 895 838 774 
6 774 837 895 896 839 775 
6 775 838 896 897 840 776 
6 776 839 897 841 778 777 
6 778 840 897 898 842 779 
6 779 841 898 899 843 780 
6 780 842 899 900 844 781 
6 781 843 900 901 845 782 
6 782 844 901 902 846 783 
6 783 845 902 903 847 784 
6 784 846 903 904 848 785 
6 785 847 904 905 849 786 
6 786 848 905 906 850 787 
6 787 849 906 851 789 788 
6 789 850 906 907 852 790 
6 790 851 907 908 853 791 
6 791 852 908 909 854 792 
6 792 853 909 910 855 793 
6 793 854 910 911 856 794 
6 794 855 911 912 857 795 
6 795 856 912 913 858 796 
6 796 857 913 914 859 797 
6 797 858 914 915 860 798 
6 798 859 915 861 800 799 
6 800 860 915 916 862 801 
6 801 861 916 917 863 802 
6 802 862 917 918 864 803 
6 803 863 918 919 865 804 
6 804 864 919 920 866 805 
6 805 865 920 921 867 806 
6 806 866 921 922 868 807 
6 807 867 922 923 869 808 
6 808 868 923 870 810 809 
6 810 869 923 924 871 811 
6 811 870 924 925 872 812 
6 812 871 925 926 873 813 
6 813 872 926 927 874 814 
6 814 873 927 928 875 815 
6 815 874 928 929 876 816 
6 816 875 929 930 877 817 
6 817 876 930 931 878 818 
6 818 877 931 932 879 819 
6 819 878 932 880 821 820 
6 821 879 932 933 881 822 
6 822 880 933 934 882 823 
6 823 881 934 935 883 824 
6 824 882 935 936 884 825 
6 825 883 936 937 885 826 
6 826 884 937 938 886 827 
6 827 885 938 939 887 828 
6 828 886 939 940 888 829 
6 829 887 940 889 831 830 
6 831 888 940 941 890 832 
6 832 889 941 942 891 833 
6 833 890 942 943 892 834 
6 834 891 943 944 893 835 
6 835 892 944 945 894 836 
6 836 893 945 946 895 837 
6 837 894 946 947 896 838 
6 838 895 947 948 897 839 
6 839 896 948 898 841 840 
6 841 897 948 949 899 842 
6 842 898 949 950 900 843 
6 843 899 950 951 901 844 
6 844 900 951 952 902 845 
6 845 901 952 953 903 846 
6 846 902 953 954 904 847 
6 847 903 954 955 905 848 
6 848 904 955 956 906 849 
6 849 905 956 907 851 850 
6 851 906 956 957 908 852 
6 852 907 957 958 909 853 
6 853 908 958 959 910 854 
6 854 909 959 960 911 855 
6 855 910 960 961 912 856 
6 856 911 961 962 913 857 
6 857 912 962 963 914 858 
6 858 913 963 964 915 859 
6 859 914 964 916 861 860 
6 861 915 964 965 917 862 
6 862 916 965 966 918 863 
6 863 917 966 967 919 864 
6 864 918 967 968 920 865 
6 865 919 968 969 921 866 
6 866 920 969 970 922 867 
6 867 921 970 971 923 868 
6 868 922 971 924 870 869 
6 870 923 971 972 925 871 
6 871 924 972 973 926 872 
6 872 925 973 974 927 873 
6 873 926 974 975 928 874 
6 874 927 975 976 929 875 
6 875 928 976 977 930 876 
6 876 929 977 978 931 877 
6 877 930 978 979 932 878 
6 878 931 979 933 880 879 
6 880 932 979 980 934 881 
6 881 933 980 981 935 882 
6 882 934 981 982 936 883 
6 883 935 982 983 937 884 
6 884 936 983 984 938 885 
6 885 937 984 985 939 886 
6 886 938 985 986 940 887 
6 887 939 986 941 889 888 
6 889 940 986 987 942 890 
6 890 941 987 988 943 891 
6 891 942 988 989 944 892 
6 892 943 989 990 945 893 
6 893 944 990 991 946 894 
6 894 945 991 992 947 895 
6 895 946 992 993 948 896 
6 896 947 993 949 898 897 
6 898 948 993 994 950 899 
6 899 949 994 995 951 900 
6 900 950 995 996 952 901 
6 901 951 996 997 953 902 
6 902 952 997 998 954 903 
6 903 953 998 999 955 904 
6 904 954 999 1000 956 905 
6 905 955 1000 957 907 906 
6 907 956 1000 1001 958 908 
6 908 957 1001 1002 959 909 
6 909 958 1002 1003 960 910 
6 910 959 1003 1004 961 911 
6 911 960 1004 1005 962 912 
6 912 961 1005 1006 963 913 
6 913 962 1006 1007 964 914 
6 914 963 1007 965 916 915 
6 916 964 1007 1008 966 917 
6 917 965 1008 1009 967 918 
6 918 966 1009 1010 968 919 
6 919 967 1010 1011 969 920 
6 920 968 1011 1012 970 921 
6 921 969 1012 1013 971 922 
6 922 970 1013 972 924 923 
6 924 971 1013 1014 973 925 
6 925 972 1014 1015 974 926 
6 926 973 1015 1016 975 927 
6 927 974 1016 1017 976 928 
6 928 975 1017 1018 977 929 
6 929 976 1018 1019 978 930 
6 930 977 1019 1020 979 931 
6 931 978 1020 980 933 932 
6 933 979 1020 1021 981 934 
6 934 980 1021 1022 982 935 
6 935 981 1022 1023 983 936 
6 936 982 1023 1024 984 937 
6 937 983 1024 1025 985 938 
6 938 984 1025 1026 986 939 
6 939 985 1026 987 941 940 
6 941 986 1026 1027 988 942 
6 942 987 1027 1028 989 943 
6 943 988 1028 1029 990 944 
6 944 989 1029 1030 991 945 
6 945 990 1030 1031 992 946 
6 946 991 1031 1032 993 947 
6 947 992 1032 994 949 948 
6 949 993 1032 1033 995 950 
6 950 994 1033 1034 996 951 
6 951 995 1034 1035 997 952 
6 952 996 1035 1036 998 953 
6 953 997 1036 1037 999 954 
6 954 998 1037 1038 1000 955 
6 955 999 1038 1001 957 956 
6 957 1000 1038 1039 1002 958 
6 958 1001 1039 1040 1003 959 
6 959 1002 1040 1041 1004 960 
6 960 1003 1041 1042 1005 961 
6 961 1004 1042 1043 1006 962 
6 962 1005 1043 1044 1007 963 
6 963 1006 1044 1008 965 964 
6 965 1007 1044 1045 1009 966 
6 966 1008 1045 1046 1010 967 
6 967 1009 1046 1047 1011 968 
6 968 1010 1047 1048 1012 969 
6 969 1011 1048 1049 1013 970 
6 970 1012 1049 1014 972 971 
6 972 1013 1049 1050 1015 973 
6 973 1014 1050 1051 1016 974 
6 974 1015 1051 1052 1017 975 
6 975 1016 1052 1053 1018 976 
6 976 1017 1053 1054 1019 977 
6 977 1018 1054 1055 1020 978 
6 978 1019 1055 1021 980 979 
6 980 1020 1055 1056 1022 981 
6 981 1021 1056 1057 1023 982 
6 982 1022 1057 1058 1024 983 
6 983 1023 1058 1059 1025 984 
6 984 1024 1059 1060 1026 985 
6 985 1025 1060 1027 987 986 
6 987 1026 1060 1061 1028 988 
6 988 1027 1061 1062 1029 989 
6 989 1028 1062 1063 1030 990 
6 990 1029 1063 1064 1031 991 
6 991 1030 1064 1065 1032 992 
6 992 1031 1065 1033 994 993 
6 994 1032 1065 1066 1034 995 
6 995 1033 1066 1067 1035 996 
6 996 1034 1067 1068 1036 997 
6 997 1035 1068 1069 1037 998 
6 998 1036 1069 1070 1038 999 
6 999 1037 1070 1039 1001 1000 
6 1001 1038 1070 1071 1040 1002 
6 1002 1039 1071 1072 1041 1003 
6 1003 1040 1072 1073 1042 1004 
6 1004 1041 1073 1074 1043 1005 
6 1005 1042 1074 1075 1044 1006 
6 1006 1043 1075 1045 1008 1007 
6 1008 1044 1075 1076 1046 1009 
6 1009 1045 1076 1077 1047 1010 
6 1010 1046 1077 1078 1048 1011 
6 1011 1047 1078 1079 1049 1012 
6 1012 1048 1079 1050 1014 1013 
6 1014 1049 1079 1080 1051 1015 
6 1015 1050 1080 1081 1052 1016 
6 1016 1051 1081 1082 1053 1017 
6 1017 1052 1082 1083 1054 1018 
6 1018 1053 1083 1084 1055 1019 
6 1019 1054 1084 1056 1021 1020 
6 1021 1055 1084 1085 1057 1022 
6 1022 1056 1085 1086 1058 1023 
6 1023 1057 1086 1087 1059 1024 
6 1024 1058 1087 1088 1060 1025 
6 1025 1059 1088 1061 1027 1026 
6 1027 1060 1088 1089 1062 1028 
6 1028 1061 1089 1090 1063 1029 
6 1029 1062 1090 1091 1064 1030 
6 1030 1063 1091 1092 1065 1031 
6 1031 1064 1092 1066 1033 1032 
6 1033 1065 1092 1093 1067 1034 
6 1034 1066 1093 1094 1068 1035 
6 1035 1067 1094 1095 1069 1036 
6 1036 1068 1095 1096 1070 1037 
6 1037 1069 1096 1071 1039 1038 
6 1039 1070 1096 1097 1072 1040 
6 1040 1071 1097 1098 1073 1041 
6 1041 1072 1098 1099 1074 1042 
6 1042 1073 1099 1100 1075 1043 
6 1043 1074 1100 1076 1045 1044 
6 1045 1075 1100 1101 1077 1046 
6 1046 1076 1101 1102 1078 1047 
6 1047 1077 1102 1103 1079 1048 
6 1048 1078 1103 1080 1050 1049 
6 1050 1079 1103 1104 1081 1051 
6 1051 1080 1104 1105 1082 1052 
6 1052 1081 1105 1106 1083 1053 
6 1053 1082 1106 1107 1084 1054 
6 1054 1083 1107 1085 1056 1055 
6 1056 1084 1107 1108 1086 1057 
6 1057 1085 1108 1109 1087 1058 
6 1058 1086 1109 1110 1088 1059 
6 1059 1087 1110 1089 1061 1060 
6 1061 1088 1110 1111 1090 1062 
6 1062 1089 1111 1112 1091 1063 
6 1063 1090 1112 1113 1092 1064 
6 1064 1091 1113 1093 1066 1065 
6 1066 1092 1113 1114 1094 1067 
6 1067 1093 1114 1115 1095 1068 
6 1068 1094 1115 1116 1096 1069 
6 1069 1095 1116 1097 1071 1070 
6 1071 1096 1116 1117 1098 1072 
6 1072 1097 1117 1118 1099 1073 
6 1073 1098 1118 1119 1100 1074 
6 1074 1099 1119 1101 1076 1075 
6 1076 1100 1119 1120 1102 1077 
6 1077 1101 1120 1121 1103 1078 
6 1078 1102 1121 1104 1080 1079 
6 1080 1103 1121 1122 1105 1081 
6 1081 1104 1122 1123 1106 1082 
6 1082 1105 1123 1124 1107 1083 
6 1083 1106 1124 1108 1085 1084 
6 1085 1107 1124 1125 1109 1086 
6 1086 1108 1125 1126 1110 1087 
6 1087 1109 1126 1111 1089 1088 
6 1089 1110 1126 1127 1112 1090 
6 1090 1111 1127 1128 1113 1091 
6 1091 1112 1128 1114 1093 1092 
6 1093 1113 1128 1129 1115 1094 
6 1094 1114 1129 1130 1116 1095 
6 1095 1115 1130 1117 1097 1096 
6 1097 1116 1130 1131 1118 1098 
6 1098 1117 1131 1132 1119 1099 
6 1099 1118 1132 1120 1101 1100 
6 1101 1119 1132 1133 1121 1102 
6 1102 1120 1133 1122 1104 1103 
6 1104 1121 1133 1134 1123 1105 
6 1105 1122 1134 1135 1124 1106 
6 1106 1123 1135 1125 1108 1107 
6 1108 1124 1135 1136 1126 1109 
6 1109 1125 1136 1127 1111 1110 
6 1111 1126 1136 1137 1128 1112 
6 1112 1127 1137 1129 1114 1113 
6 1114 1128 1137 1138 1130 1115 
6 1115 1129 1138 1131 1117 1116 
6 1117 1130 1138 1139 1132 1118 
6 1118 1131 1139 1133 1120 1119 
6 1120 1132 1139 1134 1122 1121 
6 1122 1133 1139 1140 1135 1123 
6 1124 1123 1134 1140 1136 1125 
6 1126 1125 1135 1140 1137 1127 
6 1128 1127 1136 1140 1138 1129 
6 1130 1129 1137 1140 1139 1131 
6 1132 1131 1138 1140 1134 1133 
6 1134 1139 1138 1137 1136 1135 
