1.000000 0.000000 0.000000
0.993238 -0.116093 0.000244


1.000000 0.000000 0.000000
0.888889 0.000000 0.458123


1.000000 0.000000 0.000000
0.993238 0.116093 0.000244


0.993238 0.116093 0.000244
0.888889 0.000000 0.458123


0.993238 0.116093 0.000244
0.881284 0.116023 0.458123


0.993238 0.116093 0.000244
0.973045 0.230616 0.000000


0.973045 0.230616 0.000000
0.881284 0.116023 0.458123


0.973045 0.230616 0.000000
0.858601 0.230061 0.458123


0.973045 0.230616 0.000000
0.939693 0.342020 0.000000


0.939693 0.342020 0.000000
0.858601 0.230061 0.458123


0.939693 0.342020 0.000000
0.821226 0.340163 0.458123


0.939693 0.342020 0.000000
0.893633 0.448799 0.000000


0.893633 0.448799 0.000000
0.821226 0.340163 0.458123


0.893633 0.448799 0.000000
0.769800 0.444444 0.458123


0.893633 0.448799 0.000000
0.835488 0.549509 0.000244


0.835488 0.549509 0.000244
0.769800 0.444444 0.458123


0.835488 0.549509 0.000244
0.705203 0.541121 0.458123


0.835488 0.549509 0.000244
0.766044 0.642788 0.000000


0.766044 0.642788 0.000000
0.705203 0.541121 0.458123


0.766044 0.642788 0.000000
0.628539 0.628539 0.458123


0.766044 0.642788 0.000000
0.686242 0.727374 0.000000


0.686242 0.727374 0.000000
0.628539 0.628539 0.458123


0.686242 0.727374 0.000000
0.541121 0.705203 0.458123


0.686242 0.727374 0.000000
0.597159 0.802123 0.000000


0.597159 0.802123 0.000000
0.541121 0.705203 0.458123


0.597159 0.802123 0.000000
0.444444 0.769800 0.458123


0.597159 0.802123 0.000000
0.500000 0.866025 0.000000


0.500000 0.866025 0.000000
0.444444 0.769800 0.458123


0.500000 0.866025 0.000000
0.396080 0.918216 0.000000


0.396080 0.918216 0.000000
0.444444 0.769800 0.458123


0.396080 0.918216 0.000000
0.340163 0.821226 0.458123


0.396080 0.918216 0.000000
0.286803 0.957990 0.000000


0.286803 0.957990 0.000000
0.340163 0.821226 0.458123


0.286803 0.957990 0.000000
0.230061 0.858601 0.458123


0.286803 0.957990 0.000000
0.173648 0.984808 0.000244


0.173648 0.984808 0.000244
0.230061 0.858601 0.458123


0.173648 0.984808 0.000244
0.116023 0.881284 0.458123


0.173648 0.984808 0.000244
0.058145 0.998308 0.000000


0.058145 0.998308 0.000000
0.116023 0.881284 0.458123


0.058145 0.998308 0.000000
0.000000 0.888889 0.458123


0.058145 0.998308 0.000000
-0.058145 0.998308 0.000000


-0.058145 0.998308 0.000000
0.000000 0.888889 0.458123


-0.058145 0.998308 0.000000
-0.116023 0.881284 0.458123


-0.058145 0.998308 0.000000
-0.173648 0.984808 0.000244


-0.173648 0.984808 0.000244
-0.116023 0.881284 0.458123


-0.173648 0.984808 0.000244
-0.230061 0.858601 0.458123


-0.173648 0.984808 0.000244
-0.286803 0.957990 0.000000


-0.286803 0.957990 0.000000
-0.230061 0.858601 0.458123


-0.286803 0.957990 0.000000
-0.340163 0.821226 0.458123


-0.286803 0.957990 0.000000
-0.396080 0.918216 0.000000


-0.396080 0.918216 0.000000
-0.340163 0.821226 0.458123


-0.396080 0.918216 0.000000
-0.444444 0.769800 0.458123


-0.396080 0.918216 0.000000
-0.500000 0.866025 0.000000


-0.500000 0.866025 0.000000
-0.444444 0.769800 0.458123


-0.500000 0.866025 0.000000
-0.597159 0.802123 0.000000


-0.597159 0.802123 0.000000
-0.444444 0.769800 0.458123


-0.597159 0.802123 0.000000
-0.541121 0.705203 0.458123


-0.597159 0.802123 0.000000
-0.686242 0.727374 0.000000


-0.686242 0.727374 0.000000
-0.541121 0.705203 0.458123


-0.686242 0.727374 0.000000
-0.628539 0.628539 0.458123


-0.686242 0.727374 0.000000
-0.766044 0.642788 0.000000


-0.766044 0.642788 0.000000
-0.628539 0.628539 0.458123


-0.766044 0.642788 0.000000
-0.705203 0.541121 0.458123


-0.766044 0.642788 0.000000
-0.835488 0.549509 0.000244


-0.835488 0.549509 0.000244
-0.705203 0.541121 0.458123


-0.835488 0.549509 0.000244
-0.769800 0.444444 0.458123


-0.835488 0.549509 0.000244
-0.893633 0.448799 0.000000


-0.893633 0.448799 0.000000
-0.769800 0.444444 0.458123


-0.893633 0.448799 0.000000
-0.821226 0.340163 0.458123


-0.893633 0.448799 0.000000
-0.939693 0.342020 0.000000


-0.939693 0.342020 0.000000
-0.821226 0.340163 0.458123


-0.939693 0.342020 0.000000
-0.858601 0.230061 0.458123


-0.939693 0.342020 0.000000
-0.973045 0.230616 0.000000


-0.973045 0.230616 0.000000
-0.858601 0.230061 0.458123


-0.973045 0.230616 0.000000
-0.881284 0.116023 0.458123


-0.973045 0.230616 0.000000
-0.993238 0.116093 0.000244


-0.993238 0.116093 0.000244
-0.881284 0.116023 0.458123


-0.993238 0.116093 0.000244
-0.888889 0.000000 0.458123


-0.993238 0.116093 0.000244
-1.000000 0.000000 0.000000


-1.000000 0.000000 0.000000
-0.888889 0.000000 0.458123


-1.000000 0.000000 0.000000
-0.993238 -0.116093 0.000244


-0.993238 -0.116093 0.000244
-0.888889 0.000000 0.458123


-0.993238 -0.116093 0.000244
-0.881284 -0.116023 0.458123


-0.993238 -0.116093 0.000244
-0.973045 -0.230616 0.000000


-0.973045 -0.230616 0.000000
-0.881284 -0.116023 0.458123


-0.973045 -0.230616 0.000000
-0.858601 -0.230061 0.458123


-0.973045 -0.230616 0.000000
-0.939693 -0.342020 0.000000


-0.939693 -0.342020 0.000000
-0.858601 -0.230061 0.458123


-0.939693 -0.342020 0.000000
-0.821226 -0.340163 0.458123


-0.939693 -0.342020 0.000000
-0.893633 -0.448799 0.000000


-0.893633 -0.448799 0.000000
-0.821226 -0.340163 0.458123


-0.893633 -0.448799 0.000000
-0.769800 -0.444444 0.458123


-0.893633 -0.448799 0.000000
-0.835488 -0.549509 0.000244


-0.835488 -0.549509 0.000244
-0.769800 -0.444444 0.458123


-0.835488 -0.549509 0.000244
-0.705203 -0.541121 0.458123


-0.835488 -0.549509 0.000244
-0.766044 -0.642788 0.000000


-0.766044 -0.642788 0.000000
-0.705203 -0.541121 0.458123


-0.766044 -0.642788 0.000000
-0.628539 -0.628539 0.458123


-0.766044 -0.642788 0.000000
-0.686242 -0.727374 0.000000


-0.686242 -0.727374 0.000000
-0.628539 -0.628539 0.458123


-0.686242 -0.727374 0.000000
-0.541121 -0.705203 0.458123


-0.686242 -0.727374 0.000000
-0.597159 -0.802123 0.000000


-0.597159 -0.802123 0.000000
-0.541121 -0.705203 0.458123


-0.597159 -0.802123 0.000000
-0.444444 -0.769800 0.458123


-0.597159 -0.802123 0.000000
-0.500000 -0.866025 0.000000


-0.500000 -0.866025 0.000000
-0.444444 -0.769800 0.458123


-0.500000 -0.866025 0.000000
-0.396080 -0.918216 0.000000


-0.396080 -0.918216 0.000000
-0.444444 -0.769800 0.458123


-0.396080 -0.918216 0.000000
-0.340163 -0.821226 0.458123


-0.396080 -0.918216 0.000000
-0.286803 -0.957990 0.000000


-0.286803 -0.957990 0.000000
-0.340163 -0.821226 0.458123


-0.286803 -0.957990 0.000000
-0.230061 -0.858601 0.458123


-0.286803 -0.957990 0.000000
-0.173648 -0.984808 0.000244


-0.173648 -0.984808 0.000244
-0.230061 -0.858601 0.458123


-0.173648 -0.984808 0.000244
-0.116023 -0.881284 0.458123


-0.173648 -0.984808 0.000244
-0.058145 -0.998308 0.000000


-0.058145 -0.998308 0.000000
-0.116023 -0.881284 0.458123


-0.058145 -0.998308 0.000000
-0.000000 -0.888889 0.458123


-0.058145 -0.998308 0.000000
0.058145 -0.998308 0.000000


0.058145 -0.998308 0.000000
-0.000000 -0.888889 0.458123


0.058145 -0.998308 0.000000
0.116023 -0.881284 0.458123


0.058145 -0.998308 0.000000
0.173648 -0.984808 0.000244


0.173648 -0.984808 0.000244
0.116023 -0.881284 0.458123


0.173648 -0.984808 0.000244
0.230061 -0.858601 0.458123


0.173648 -0.984808 0.000244
0.286803 -0.957990 0.000000


0.286803 -0.957990 0.000000
0.230061 -0.858601 0.458123


0.286803 -0.957990 0.000000
0.340163 -0.821226 0.458123


0.286803 -0.957990 0.000000
0.396080 -0.918216 0.000000


0.396080 -0.918216 0.000000
0.340163 -0.821226 0.458123


0.396080 -0.918216 0.000000
0.444444 -0.769800 0.458123


0.396080 -0.918216 0.000000
0.500000 -0.866025 0.000000


0.500000 -0.866025 0.000000
0.444444 -0.769800 0.458123


0.500000 -0.866025 0.000000
0.597159 -0.802123 0.000000


0.597159 -0.802123 0.000000
0.444444 -0.769800 0.458123


0.597159 -0.802123 0.000000
0.541121 -0.705203 0.458123


0.597159 -0.802123 0.000000
0.686242 -0.727374 0.000000


0.686242 -0.727374 0.000000
0.541121 -0.705203 0.458123


0.686242 -0.727374 0.000000
0.628539 -0.628539 0.458123


0.686242 -0.727374 0.000000
0.766044 -0.642788 0.000000


0.766044 -0.642788 0.000000
0.628539 -0.628539 0.458123


0.766044 -0.642788 0.000000
0.705203 -0.541121 0.458123


0.766044 -0.642788 0.000000
0.835488 -0.549509 0.000244


0.835488 -0.549509 0.000244
0.705203 -0.541121 0.458123


0.835488 -0.549509 0.000244
0.769800 -0.444444 0.458123


0.835488 -0.549509 0.000244
0.893633 -0.448799 0.000000


0.893633 -0.448799 0.000000
0.769800 -0.444444 0.458123


0.893633 -0.448799 0.000000
0.821226 -0.340163 0.458123


0.893633 -0.448799 0.000000
0.939693 -0.342020 0.000000


0.939693 -0.342020 0.000000
0.821226 -0.340163 0.458123


0.939693 -0.342020 0.000000
0.858601 -0.230061 0.458123


0.939693 -0.342020 0.000000
0.973045 -0.230616 0.000000


0.973045 -0.230616 0.000000
0.858601 -0.230061 0.458123


0.973045 -0.230616 0.000000
0.881284 -0.116023 0.458123


0.973045 -0.230616 0.000000
0.993238 -0.116093 0.000244


0.993238 -0.116093 0.000244
0.881284 -0.116023 0.458123


0.993238 -0.116093 0.000244
0.888889 0.000000 0.458123


0.888889 0.000000 0.458123
0.881284 -0.116023 0.458123


0.888889 0.000000 0.458123
0.777778 0.000000 0.628539


0.888889 0.000000 0.458123
0.881284 0.116023 0.458123


0.881284 0.116023 0.458123
0.777778 0.000000 0.628539


0.881284 0.116023 0.458123
0.769091 0.115922 0.628539


0.881284 0.116023 0.458123
0.858601 0.230061 0.458123


0.858601 0.230061 0.458123
0.769091 0.115922 0.628539


0.858601 0.230061 0.458123
0.743223 0.229254 0.628539


0.858601 0.230061 0.458123
0.821226 0.340163 0.458123


0.821226 0.340163 0.458123
0.743223 0.229254 0.628539


0.821226 0.340163 0.458123
0.700754 0.337465 0.628539


0.821226 0.340163 0.458123
0.769800 0.444444 0.458123


0.769800 0.444444 0.458123
0.700754 0.337465 0.628539


0.769800 0.444444 0.458123
0.642630 0.438138 0.628539


0.769800 0.444444 0.458123
0.705203 0.541121 0.458123


0.705203 0.541121 0.458123
0.642630 0.438138 0.628539


0.705203 0.541121 0.458123
0.570151 0.529023 0.628539


0.705203 0.541121 0.458123
0.628539 0.628539 0.458123


0.628539 0.628539 0.458123
0.570151 0.529023 0.628539


0.628539 0.628539 0.458123
0.484937 0.608091 0.628539


0.628539 0.628539 0.458123
0.541121 0.705203 0.458123


0.541121 0.705203 0.458123
0.484937 0.608091 0.628539


0.541121 0.705203 0.458123
0.388889 0.673575 0.628539


0.541121 0.705203 0.458123
0.444444 0.769800 0.458123


0.444444 0.769800 0.458123
0.388889 0.673575 0.628539


0.444444 0.769800 0.458123
0.340163 0.821226 0.458123


0.340163 0.821226 0.458123
0.388889 0.673575 0.628539


0.340163 0.821226 0.458123
0.284154 0.724013 0.628539


0.340163 0.821226 0.458123
0.230061 0.858601 0.458123


0.230061 0.858601 0.458123
0.284154 0.724013 0.628539


0.230061 0.858601 0.458123
0.173072 0.758277 0.628539


0.230061 0.858601 0.458123
0.116023 0.881284 0.458123


0.116023 0.881284 0.458123
0.173072 0.758277 0.628539


0.116023 0.881284 0.458123
0.058123 0.775603 0.628539


0.116023 0.881284 0.458123
0.000000 0.888889 0.458123


0.000000 0.888889 0.458123
0.058123 0.775603 0.628539


0.000000 0.888889 0.458123
-0.058123 0.775603 0.628539


0.000000 0.888889 0.458123
-0.116023 0.881284 0.458123


-0.116023 0.881284 0.458123
-0.058123 0.775603 0.628539


-0.116023 0.881284 0.458123
-0.173072 0.758277 0.628539


-0.116023 0.881284 0.458123
-0.230061 0.858601 0.458123


-0.230061 0.858601 0.458123
-0.173072 0.758277 0.628539


-0.230061 0.858601 0.458123
-0.284154 0.724013 0.628539


-0.230061 0.858601 0.458123
-0.340163 0.821226 0.458123


-0.340163 0.821226 0.458123
-0.284154 0.724013 0.628539


-0.340163 0.821226 0.458123
-0.388889 0.673575 0.628539


-0.340163 0.821226 0.458123
-0.444444 0.769800 0.458123


-0.444444 0.769800 0.458123
-0.388889 0.673575 0.628539


-0.444444 0.769800 0.458123
-0.541121 0.705203 0.458123


-0.541121 0.705203 0.458123
-0.388889 0.673575 0.628539


-0.541121 0.705203 0.458123
-0.484937 0.608091 0.628539


-0.541121 0.705203 0.458123
-0.628539 0.628539 0.458123


-0.628539 0.628539 0.458123
-0.484937 0.608091 0.628539


-0.628539 0.628539 0.458123
-0.570151 0.529023 0.628539


-0.628539 0.628539 0.458123
-0.705203 0.541121 0.458123


-0.705203 0.541121 0.458123
-0.570151 0.529023 0.628539


-0.705203 0.541121 0.458123
-0.642630 0.438138 0.628539


-0.705203 0.541121 0.458123
-0.769800 0.444444 0.458123


-0.769800 0.444444 0.458123
-0.642630 0.438138 0.628539


-0.769800 0.444444 0.458123
-0.700754 0.337465 0.628539


-0.769800 0.444444 0.458123
-0.821226 0.340163 0.458123


-0.821226 0.340163 0.458123
-0.700754 0.337465 0.628539


-0.821226 0.340163 0.458123
-0.743223 0.229254 0.628539


-0.821226 0.340163 0.458123
-0.858601 0.230061 0.458123


-0.858601 0.230061 0.458123
-0.743223 0.229254 0.628539


-0.858601 0.230061 0.458123
-0.769091 0.115922 0.628539


-0.858601 0.230061 0.458123
-0.881284 0.116023 0.458123


-0.881284 0.116023 0.458123
-0.769091 0.115922 0.628539


-0.881284 0.116023 0.458123
-0.777778 0.000000 0.628539


-0.881284 0.116023 0.458123
-0.888889 0.000000 0.458123


-0.888889 0.000000 0.458123
-0.777778 0.000000 0.628539


-0.888889 0.000000 0.458123
-0.881284 -0.116023 0.458123


-0.881284 -0.116023 0.458123
-0.777778 0.000000 0.628539


-0.881284 -0.116023 0.458123
-0.769091 -0.115922 0.628539


-0.881284 -0.116023 0.458123
-0.858601 -0.230061 0.458123


-0.858601 -0.230061 0.458123
-0.769091 -0.115922 0.628539


-0.858601 -0.230061 0.458123
-0.743223 -0.229254 0.628539


-0.858601 -0.230061 0.458123
-0.821226 -0.340163 0.458123


-0.821226 -0.340163 0.458123
-0.743223 -0.229254 0.628539


-0.821226 -0.340163 0.458123
-0.700754 -0.337465 0.628539


-0.821226 -0.340163 0.458123
-0.769800 -0.444444 0.458123


-0.769800 -0.444444 0.458123
-0.700754 -0.337465 0.628539


-0.769800 -0.444444 0.458123
-0.642630 -0.438138 0.628539


-0.769800 -0.444444 0.458123
-0.705203 -0.541121 0.458123


-0.705203 -0.541121 0.458123
-0.642630 -0.438138 0.628539


-0.705203 -0.541121 0.458123
-0.570151 -0.529023 0.628539


-0.705203 -0.541121 0.458123
-0.628539 -0.628539 0.458123


-0.628539 -0.628539 0.458123
-0.570151 -0.529023 0.628539


-0.628539 -0.628539 0.458123
-0.484937 -0.608091 0.628539


-0.628539 -0.628539 0.458123
-0.541121 -0.705203 0.458123


-0.541121 -0.705203 0.458123
-0.484937 -0.608091 0.628539


-0.541121 -0.705203 0.458123
-0.388889 -0.673575 0.628539


-0.541121 -0.705203 0.458123
-0.444444 -0.769800 0.458123


-0.444444 -0.769800 0.458123
-0.388889 -0.673575 0.628539


-0.444444 -0.769800 0.458123
-0.340163 -0.821226 0.458123


-0.340163 -0.821226 0.458123
-0.388889 -0.673575 0.628539


-0.340163 -0.821226 0.458123
-0.284154 -0.724013 0.628539


-0.340163 -0.821226 0.458123
-0.230061 -0.858601 0.458123


-0.230061 -0.858601 0.458123
-0.284154 -0.724013 0.628539


-0.230061 -0.858601 0.458123
-0.173072 -0.758277 0.628539


-0.230061 -0.858601 0.458123
-0.116023 -0.881284 0.458123


-0.116023 -0.881284 0.458123
-0.173072 -0.758277 0.628539


-0.116023 -0.881284 0.458123
-0.058123 -0.775603 0.628539


-0.116023 -0.881284 0.458123
-0.000000 -0.888889 0.458123


-0.000000 -0.888889 0.458123
-0.058123 -0.775603 0.628539


-0.000000 -0.888889 0.458123
0.058123 -0.775603 0.628539


-0.000000 -0.888889 0.458123
0.116023 -0.881284 0.458123


0.116023 -0.881284 0.458123
0.058123 -0.775603 0.628539


0.116023 -0.881284 0.458123
0.173072 -0.758277 0.628539


0.116023 -0.881284 0.458123
0.230061 -0.858601 0.458123


0.230061 -0.858601 0.458123
0.173072 -0.758277 0.628539


0.230061 -0.858601 0.458123
0.284154 -0.724013 0.628539


0.230061 -0.858601 0.458123
0.340163 -0.821226 0.458123


0.340163 -0.821226 0.458123
0.284154 -0.724013 0.628539


0.340163 -0.821226 0.458123
0.388889 -0.673575 0.628539


0.340163 -0.821226 0.458123
0.444444 -0.769800 0.458123


0.444444 -0.769800 0.458123
0.388889 -0.673575 0.628539


0.444444 -0.769800 0.458123
0.541121 -0.705203 0.458123


0.541121 -0.705203 0.458123
0.388889 -0.673575 0.628539


0.541121 -0.705203 0.458123
0.484937 -0.608091 0.628539


0.541121 -0.705203 0.458123
0.628539 -0.628539 0.458123


0.628539 -0.628539 0.458123
0.484937 -0.608091 0.628539


0.628539 -0.628539 0.458123
0.570151 -0.529023 0.628539


0.628539 -0.628539 0.458123
0.705203 -0.541121 0.458123


0.705203 -0.541121 0.458123
0.570151 -0.529023 0.628539


0.705203 -0.541121 0.458123
0.642630 -0.438138 0.628539


0.705203 -0.541121 0.458123
0.769800 -0.444444 0.458123


0.769800 -0.444444 0.458123
0.642630 -0.438138 0.628539


0.769800 -0.444444 0.458123
0.700754 -0.337465 0.628539


0.769800 -0.444444 0.458123
0.821226 -0.340163 0.458123


0.821226 -0.340163 0.458123
0.700754 -0.337465 0.628539


0.821226 -0.340163 0.458123
0.743223 -0.229254 0.628539


0.821226 -0.340163 0.458123
0.858601 -0.230061 0.458123


0.858601 -0.230061 0.458123
0.743223 -0.229254 0.628539


0.858601 -0.230061 0.458123
0.769091 -0.115922 0.628539


0.858601 -0.230061 0.458123
0.881284 -0.116023 0.458123


0.881284 -0.116023 0.458123
0.769091 -0.115922 0.628539


0.881284 -0.116023 0.458123
0.777778 0.000000 0.628539


0.777778 0.000000 0.628539
0.769091 -0.115922 0.628539


0.777778 0.000000 0.628539
0.666667 0.000000 0.745356


0.777778 0.000000 0.628539
0.769091 0.115922 0.628539


0.769091 0.115922 0.628539
0.666667 0.000000 0.745356


0.769091 0.115922 0.628539
0.656538 0.115765 0.745356


0.769091 0.115922 0.628539
0.743223 0.229254 0.628539


0.743223 0.229254 0.628539
0.656538 0.115765 0.745356


0.743223 0.229254 0.628539
0.626462 0.228013 0.745356


0.743223 0.229254 0.628539
0.700754 0.337465 0.628539


0.700754 0.337465 0.628539
0.626462 0.228013 0.745356


0.700754 0.337465 0.628539
0.577350 0.333333 0.745356


0.700754 0.337465 0.628539
0.642630 0.438138 0.628539


0.642630 0.438138 0.628539
0.577350 0.333333 0.745356


0.642630 0.438138 0.628539
0.510696 0.428525 0.745356


0.642630 0.438138 0.628539
0.570151 0.529023 0.628539


0.570151 0.529023 0.628539
0.510696 0.428525 0.745356


0.570151 0.529023 0.628539
0.428525 0.510696 0.745356


0.570151 0.529023 0.628539
0.484937 0.608091 0.628539


0.484937 0.608091 0.628539
0.428525 0.510696 0.745356


0.484937 0.608091 0.628539
0.333333 0.577350 0.745356


0.484937 0.608091 0.628539
0.388889 0.673575 0.628539


0.388889 0.673575 0.628539
0.333333 0.577350 0.745356


0.388889 0.673575 0.628539
0.284154 0.724013 0.628539


0.284154 0.724013 0.628539
0.333333 0.577350 0.745356


0.284154 0.724013 0.628539
0.228013 0.626462 0.745356


0.284154 0.724013 0.628539
0.173072 0.758277 0.628539


0.173072 0.758277 0.628539
0.228013 0.626462 0.745356


0.173072 0.758277 0.628539
0.115765 0.656538 0.745356


0.173072 0.758277 0.628539
0.058123 0.775603 0.628539


0.058123 0.775603 0.628539
0.115765 0.656538 0.745356


0.058123 0.775603 0.628539
0.000000 0.666667 0.745356


0.058123 0.775603 0.628539
-0.058123 0.775603 0.628539


-0.058123 0.775603 0.628539
0.000000 0.666667 0.745356


-0.058123 0.775603 0.628539
-0.115765 0.656538 0.745356


-0.058123 0.775603 0.628539
-0.173072 0.758277 0.628539


-0.173072 0.758277 0.628539
-0.115765 0.656538 0.745356


-0.173072 0.758277 0.628539
-0.228013 0.626462 0.745356


-0.173072 0.758277 0.628539
-0.284154 0.724013 0.628539


-0.284154 0.724013 0.628539
-0.228013 0.626462 0.745356


-0.284154 0.724013 0.628539
-0.333333 0.577350 0.745356


-0.284154 0.724013 0.628539
-0.388889 0.673575 0.628539


-0.388889 0.673575 0.628539
-0.333333 0.577350 0.745356


-0.388889 0.673575 0.628539
-0.484937 0.608091 0.628539


-0.484937 0.608091 0.628539
-0.333333 0.577350 0.745356


-0.484937 0.608091 0.628539
-0.428525 0.510696 0.745356


-0.484937 0.608091 0.628539
-0.570151 0.529023 0.628539


-0.570151 0.529023 0.628539
-0.428525 0.510696 0.745356


-0.570151 0.529023 0.628539
-0.510696 0.428525 0.745356


-0.570151 0.529023 0.628539
-0.642630 0.438138 0.628539


-0.642630 0.438138 0.628539
-0.510696 0.428525 0.745356


-0.642630 0.438138 0.628539
-0.577350 0.333333 0.745356


-0.642630 0.438138 0.628539
-0.700754 0.337465 0.628539


-0.700754 0.337465 0.628539
-0.577350 0.333333 0.745356


-0.700754 0.337465 0.628539
-0.626462 0.228013 0.745356


-0.700754 0.337465 0.628539
-0.743223 0.229254 0.628539


-0.743223 0.229254 0.628539
-0.626462 0.228013 0.745356


-0.743223 0.229254 0.628539
-0.656538 0.115765 0.745356


-0.743223 0.229254 0.628539
-0.769091 0.115922 0.628539


-0.769091 0.115922 0.628539
-0.656538 0.115765 0.745356


-0.769091 0.115922 0.628539
-0.666667 0.000000 0.745356


-0.769091 0.115922 0.628539
-0.777778 0.000000 0.628539


-0.777778 0.000000 0.628539
-0.666667 0.000000 0.745356


-0.777778 0.000000 0.628539
-0.769091 -0.115922 0.628539


-0.769091 -0.115922 0.628539
-0.666667 0.000000 0.745356


-0.769091 -0.115922 0.628539
-0.656538 -0.115765 0.745356


-0.769091 -0.115922 0.628539
-0.743223 -0.229254 0.628539


-0.743223 -0.229254 0.628539
-0.656538 -0.115765 0.745356


-0.743223 -0.229254 0.628539
-0.626462 -0.228013 0.745356


-0.743223 -0.229254 0.628539
-0.700754 -0.337465 0.628539


-0.700754 -0.337465 0.628539
-0.626462 -0.228013 0.745356


-0.700754 -0.337465 0.628539
-0.577350 -0.333333 0.745356


-0.700754 -0.337465 0.628539
-0.642630 -0.438138 0.628539


-0.642630 -0.438138 0.628539
-0.577350 -0.333333 0.745356


-0.642630 -0.438138 0.628539
-0.510696 -0.428525 0.745356


-0.642630 -0.438138 0.628539
-0.570151 -0.529023 0.628539


-0.570151 -0.529023 0.628539
-0.510696 -0.428525 0.745356


-0.570151 -0.529023 0.628539
-0.428525 -0.510696 0.745356


-0.570151 -0.529023 0.628539
-0.484937 -0.608091 0.628539


-0.484937 -0.608091 0.628539
-0.428525 -0.510696 0.745356


-0.484937 -0.608091 0.628539
-0.333333 -0.577350 0.745356


-0.484937 -0.608091 0.628539
-0.388889 -0.673575 0.628539


-0.388889 -0.673575 0.628539
-0.333333 -0.577350 0.745356


-0.388889 -0.673575 0.628539
-0.284154 -0.724013 0.628539


-0.284154 -0.724013 0.628539
-0.333333 -0.577350 0.745356


-0.284154 -0.724013 0.628539
-0.228013 -0.626462 0.745356


-0.284154 -0.724013 0.628539
-0.173072 -0.758277 0.628539


-0.173072 -0.758277 0.628539
-0.228013 -0.626462 0.745356


-0.173072 -0.758277 0.628539
-0.115765 -0.656538 0.745356


-0.173072 -0.758277 0.628539
-0.058123 -0.775603 0.628539


-0.058123 -0.775603 0.628539
-0.115765 -0.656538 0.745356


-0.058123 -0.775603 0.628539
-0.000000 -0.666667 0.745356


-0.058123 -0.775603 0.628539
0.058123 -0.775603 0.628539


0.058123 -0.775603 0.628539
-0.000000 -0.666667 0.745356


0.058123 -0.775603 0.628539
0.115765 -0.656538 0.745356


0.058123 -0.775603 0.628539
0.173072 -0.758277 0.628539


0.173072 -0.758277 0.628539
0.115765 -0.656538 0.745356


0.173072 -0.758277 0.628539
0.228013 -0.626462 0.745356


0.173072 -0.758277 0.628539
0.284154 -0.724013 0.628539


0.284154 -0.724013 0.628539
0.228013 -0.626462 0.745356


0.284154 -0.724013 0.628539
0.333333 -0.577350 0.745356


0.284154 -0.724013 0.628539
0.388889 -0.673575 0.628539


0.388889 -0.673575 0.628539
0.333333 -0.577350 0.745356


0.388889 -0.673575 0.628539
0.484937 -0.608091 0.628539


0.484937 -0.608091 0.628539
0.333333 -0.577350 0.745356


0.484937 -0.608091 0.628539
0.428525 -0.510696 0.745356


0.484937 -0.608091 0.628539
0.570151 -0.529023 0.628539


0.570151 -0.529023 0.628539
0.428525 -0.510696 0.745356


0.570151 -0.529023 0.628539
0.510696 -0.428525 0.745356


0.570151 -0.529023 0.628539
0.642630 -0.438138 0.628539


0.642630 -0.438138 0.628539
0.510696 -0.428525 0.745356


0.642630 -0.438138 0.628539
0.577350 -0.333333 0.745356


0.642630 -0.438138 0.628539
0.700754 -0.337465 0.628539


0.700754 -0.337465 0.628539
0.577350 -0.333333 0.745356


0.700754 -0.337465 0.628539
0.626462 -0.228013 0.745356


0.700754 -0.337465 0.628539
0.743223 -0.229254 0.628539


0.743223 -0.229254 0.628539
0.626462 -0.228013 0.745356


0.743223 -0.229254 0.628539
0.656538 -0.115765 0.745356


0.743223 -0.229254 0.628539
0.769091 -0.115922 0.628539


0.769091 -0.115922 0.628539
0.656538 -0.115765 0.745356


0.769091 -0.115922 0.628539
0.666667 0.000000 0.745356


0.666667 0.000000 0.745356
0.656538 -0.115765 0.745356


0.666667 0.000000 0.745356
0.555556 0.000000 0.831479


0.666667 0.000000 0.745356
0.656538 0.115765 0.745356


0.656538 0.115765 0.745356
0.555556 0.000000 0.831479


0.656538 0.115765 0.745356
0.543415 0.115506 0.831479


0.656538 0.115765 0.745356
0.626462 0.228013 0.745356


0.626462 0.228013 0.745356
0.543415 0.115506 0.831479


0.626462 0.228013 0.745356
0.507525 0.225965 0.831479


0.626462 0.228013 0.745356
0.577350 0.333333 0.745356


0.577350 0.333333 0.745356
0.507525 0.225965 0.831479


0.577350 0.333333 0.745356
0.449454 0.326547 0.831479


0.577350 0.333333 0.745356
0.510696 0.428525 0.745356


0.510696 0.428525 0.745356
0.449454 0.326547 0.831479


0.510696 0.428525 0.745356
0.371739 0.412858 0.831479


0.510696 0.428525 0.745356
0.428525 0.510696 0.745356


0.428525 0.510696 0.745356
0.371739 0.412858 0.831479


0.428525 0.510696 0.745356
0.277778 0.481125 0.831479


0.428525 0.510696 0.745356
0.333333 0.577350 0.745356


0.333333 0.577350 0.745356
0.277778 0.481125 0.831479


0.333333 0.577350 0.745356
0.228013 0.626462 0.745356


0.228013 0.626462 0.745356
0.277778 0.481125 0.831479


0.228013 0.626462 0.745356
0.171676 0.528365 0.831479


0.228013 0.626462 0.745356
0.115765 0.656538 0.745356


0.115765 0.656538 0.745356
0.171676 0.528365 0.831479


0.115765 0.656538 0.745356
0.058071 0.552512 0.831479


0.115765 0.656538 0.745356
0.000000 0.666667 0.745356


0.000000 0.666667 0.745356
0.058071 0.552512 0.831479


0.000000 0.666667 0.745356
-0.058071 0.552512 0.831479


0.000000 0.666667 0.745356
-0.115765 0.656538 0.745356


-0.115765 0.656538 0.745356
-0.058071 0.552512 0.831479


-0.115765 0.656538 0.745356
-0.171676 0.528365 0.831479


-0.115765 0.656538 0.745356
-0.228013 0.626462 0.745356


-0.228013 0.626462 0.745356
-0.171676 0.528365 0.831479


-0.228013 0.626462 0.745356
-0.277778 0.481125 0.831479


-0.228013 0.626462 0.745356
-0.333333 0.577350 0.745356


-0.333333 0.577350 0.745356
-0.277778 0.481125 0.831479


-0.333333 0.577350 0.745356
-0.428525 0.510696 0.745356


-0.428525 0.510696 0.745356
-0.277778 0.481125 0.831479


-0.428525 0.510696 0.745356
-0.371739 0.412858 0.831479


-0.428525 0.510696 0.745356
-0.510696 0.428525 0.745356


-0.510696 0.428525 0.745356
-0.371739 0.412858 0.831479


-0.510696 0.428525 0.745356
-0.449454 0.326547 0.831479


-0.510696 0.428525 0.745356
-0.577350 0.333333 0.745356


-0.577350 0.333333 0.745356
-0.449454 0.326547 0.831479


-0.577350 0.333333 0.745356
-0.507525 0.225965 0.831479


-0.577350 0.333333 0.745356
-0.626462 0.228013 0.745356


-0.626462 0.228013 0.745356
-0.507525 0.225965 0.831479


-0.626462 0.228013 0.745356
-0.543415 0.115506 0.831479


-0.626462 0.228013 0.745356
-0.656538 0.115765 0.745356


-0.656538 0.115765 0.745356
-0.543415 0.115506 0.831479


-0.656538 0.115765 0.745356
-0.555556 0.000000 0.831479


-0.656538 0.115765 0.745356
-0.666667 0.000000 0.745356


-0.666667 0.000000 0.745356
-0.555556 0.000000 0.831479


-0.666667 0.000000 0.745356
-0.656538 -0.115765 0.745356


-0.656538 -0.115765 0.745356
-0.555556 0.000000 0.831479


-0.656538 -0.115765 0.745356
-0.543415 -0.115506 0.831479


-0.656538 -0.115765 0.745356
-0.626462 -0.228013 0.745356


-0.626462 -0.228013 0.745356
-0.543415 -0.115506 0.831479


-0.626462 -0.228013 0.745356
-0.507525 -0.225965 0.831479


-0.626462 -0.228013 0.745356
-0.577350 -0.333333 0.745356


-0.577350 -0.333333 0.745356
-0.507525 -0.225965 0.831479


-0.577350 -0.333333 0.745356
-0.449454 -0.326547 0.831479


-0.577350 -0.333333 0.745356
-0.510696 -0.428525 0.745356


-0.510696 -0.428525 0.745356
-0.449454 -0.326547 0.831479


-0.510696 -0.428525 0.745356
-0.371739 -0.412858 0.831479


-0.510696 -0.428525 0.745356
-0.428525 -0.510696 0.745356


-0.428525 -0.510696 0.745356
-0.371739 -0.412858 0.831479


-0.428525 -0.510696 0.745356
-0.277778 -0.481125 0.831479


-0.428525 -0.510696 0.745356
-0.333333 -0.577350 0.745356


-0.333333 -0.577350 0.745356
-0.277778 -0.481125 0.831479


-0.333333 -0.577350 0.745356
-0.228013 -0.626462 0.745356


-0.228013 -0.626462 0.745356
-0.277778 -0.481125 0.831479


-0.228013 -0.626462 0.745356
-0.171676 -0.528365 0.831479


-0.228013 -0.626462 0.745356
-0.115765 -0.656538 0.745356


-0.115765 -0.656538 0.745356
-0.171676 -0.528365 0.831479


-0.115765 -0.656538 0.745356
-0.058071 -0.552512 0.831479


-0.115765 -0.656538 0.745356
-0.000000 -0.666667 0.745356


-0.000000 -0.666667 0.745356
-0.058071 -0.552512 0.831479


-0.000000 -0.666667 0.745356
0.058071 -0.552512 0.831479


-0.000000 -0.666667 0.745356
0.115765 -0.656538 0.745356


0.115765 -0.656538 0.745356
0.058071 -0.552512 0.831479


0.115765 -0.656538 0.745356
0.171676 -0.528365 0.831479


0.115765 -0.656538 0.745356
0.228013 -0.626462 0.745356


0.228013 -0.626462 0.745356
0.171676 -0.528365 0.831479


0.228013 -0.626462 0.745356
0.277778 -0.481125 0.831479


0.228013 -0.626462 0.745356
0.333333 -0.577350 0.745356


0.333333 -0.577350 0.745356
0.277778 -0.481125 0.831479


0.333333 -0.577350 0.745356
0.428525 -0.510696 0.745356


0.428525 -0.510696 0.745356
0.277778 -0.481125 0.831479


0.428525 -0.510696 0.745356
0.371739 -0.412858 0.831479


0.428525 -0.510696 0.745356
0.510696 -0.428525 0.745356


0.510696 -0.428525 0.745356
0.371739 -0.412858 0.831479


0.510696 -0.428525 0.745356
0.449454 -0.326547 0.831479


0.510696 -0.428525 0.745356
0.577350 -0.333333 0.745356


0.577350 -0.333333 0.745356
0.449454 -0.326547 0.831479


0.577350 -0.333333 0.745356
0.507525 -0.225965 0.831479


0.577350 -0.333333 0.745356
0.626462 -0.228013 0.745356


0.626462 -0.228013 0.745356
0.507525 -0.225965 0.831479


0.626462 -0.228013 0.745356
0.543415 -0.115506 0.831479


0.626462 -0.228013 0.745356
0.656538 -0.115765 0.745356


0.656538 -0.115765 0.745356
0.543415 -0.115506 0.831479


0.656538 -0.115765 0.745356
0.555556 0.000000 0.831479


0.555556 0.000000 0.831479
0.543415 -0.115506 0.831479


0.555556 0.000000 0.831479
0.444444 0.000000 0.895806


0.555556 0.000000 0.831479
0.543415 0.115506 0.831479


0.543415 0.115506 0.831479
0.444444 0.000000 0.895806


0.543415 0.115506 0.831479
0.429300 0.115031 0.895806


0.543415 0.115506 0.831479
0.507525 0.225965 0.831479


0.507525 0.225965 0.831479
0.429300 0.115031 0.895806


0.507525 0.225965 0.831479
0.384900 0.222222 0.895806


0.507525 0.225965 0.831479
0.449454 0.326547 0.831479


0.449454 0.326547 0.831479
0.384900 0.222222 0.895806


0.449454 0.326547 0.831479
0.314270 0.314270 0.895806


0.449454 0.326547 0.831479
0.371739 0.412858 0.831479


0.371739 0.412858 0.831479
0.314270 0.314270 0.895806


0.371739 0.412858 0.831479
0.222222 0.384900 0.895806


0.371739 0.412858 0.831479
0.277778 0.481125 0.831479


0.277778 0.481125 0.831479
0.222222 0.384900 0.895806


0.277778 0.481125 0.831479
0.171676 0.528365 0.831479


0.171676 0.528365 0.831479
0.222222 0.384900 0.895806


0.171676 0.528365 0.831479
0.115031 0.429300 0.895806


0.171676 0.528365 0.831479
0.058071 0.552512 0.831479


0.058071 0.552512 0.831479
0.115031 0.429300 0.895806


0.058071 0.552512 0.831479
0.000000 0.444444 0.895806


0.058071 0.552512 0.831479
-0.058071 0.552512 0.831479


-0.058071 0.552512 0.831479
0.000000 0.444444 0.895806


-0.058071 0.552512 0.831479
-0.115031 0.429300 0.895806


-0.058071 0.552512 0.831479
-0.171676 0.528365 0.831479


-0.171676 0.528365 0.831479
-0.115031 0.429300 0.895806


-0.171676 0.528365 0.831479
-0.222222 0.384900 0.895806


-0.171676 0.528365 0.831479
-0.277778 0.481125 0.831479


-0.277778 0.481125 0.831479
-0.222222 0.384900 0.895806


-0.277778 0.481125 0.831479
-0.371739 0.412858 0.831479


-0.371739 0.412858 0.831479
-0.222222 0.384900 0.895806


-0.371739 0.412858 0.831479
-0.314270 0.314270 0.895806


-0.371739 0.412858 0.831479
-0.449454 0.326547 0.831479


-0.449454 0.326547 0.831479
-0.314270 0.314270 0.895806


-0.449454 0.326547 0.831479
-0.384900 0.222222 0.895806


-0.449454 0.326547 0.831479
-0.507525 0.225965 0.831479


-0.507525 0.225965 0.831479
-0.384900 0.222222 0.895806


-0.507525 0.225965 0.831479
-0.429300 0.115031 0.895806


-0.507525 0.225965 0.831479
-0.543415 0.115506 0.831479


-0.543415 0.115506 0.831479
-0.429300 0.115031 0.895806


-0.543415 0.115506 0.831479
-0.444444 0.000000 0.895806


-0.543415 0.115506 0.831479
-0.555556 0.000000 0.831479


-0.555556 0.000000 0.831479
-0.444444 0.000000 0.895806


-0.555556 0.000000 0.831479
-0.543415 -0.115506 0.831479


-0.543415 -0.115506 0.831479
-0.444444 0.000000 0.895806


-0.543415 -0.115506 0.831479
-0.429300 -0.115031 0.895806


-0.543415 -0.115506 0.831479
-0.507525 -0.225965 0.831479


-0.507525 -0.225965 0.831479
-0.429300 -0.115031 0.895806


-0.507525 -0.225965 0.831479
-0.384900 -0.222222 0.895806


-0.507525 -0.225965 0.831479
-0.449454 -0.326547 0.831479


-0.449454 -0.326547 0.831479
-0.384900 -0.222222 0.895806


-0.449454 -0.326547 0.831479
-0.314270 -0.314270 0.895806


-0.449454 -0.326547 0.831479
-0.371739 -0.412858 0.831479


-0.371739 -0.412858 0.831479
-0.314270 -0.314270 0.895806


-0.371739 -0.412858 0.831479
-0.222222 -0.384900 0.895806


-0.371739 -0.412858 0.831479
-0.277778 -0.481125 0.831479


-0.277778 -0.481125 0.831479
-0.222222 -0.384900 0.895806


-0.277778 -0.481125 0.831479
-0.171676 -0.528365 0.831479


-0.171676 -0.528365 0.831479
-0.222222 -0.384900 0.895806


-0.171676 -0.528365 0.831479
-0.115031 -0.429300 0.895806


-0.171676 -0.528365 0.831479
-0.058071 -0.552512 0.831479


-0.058071 -0.552512 0.831479
-0.115031 -0.429300 0.895806


-0.058071 -0.552512 0.831479
-0.000000 -0.444444 0.895806


-0.058071 -0.552512 0.831479
0.058071 -0.552512 0.831479


0.058071 -0.552512 0.831479
-0.000000 -0.444444 0.895806


0.058071 -0.552512 0.831479
0.115031 -0.429300 0.895806


0.058071 -0.552512 0.831479
0.171676 -0.528365 0.831479


0.171676 -0.528365 0.831479
0.115031 -0.429300 0.895806


0.171676 -0.528365 0.831479
0.222222 -0.384900 0.895806


0.171676 -0.528365 0.831479
0.277778 -0.481125 0.831479


0.277778 -0.481125 0.831479
0.222222 -0.384900 0.895806


0.277778 -0.481125 0.831479
0.371739 -0.412858 0.831479


0.371739 -0.412858 0.831479
0.222222 -0.384900 0.895806


0.371739 -0.412858 0.831479
0.314270 -0.314270 0.895806


0.371739 -0.412858 0.831479
0.449454 -0.326547 0.831479


0.449454 -0.326547 0.831479
0.314270 -0.314270 0.895806


0.449454 -0.326547 0.831479
0.384900 -0.222222 0.895806


0.449454 -0.326547 0.831479
0.507525 -0.225965 0.831479


0.507525 -0.225965 0.831479
0.384900 -0.222222 0.895806


0.507525 -0.225965 0.831479
0.429300 -0.115031 0.895806


0.507525 -0.225965 0.831479
0.543415 -0.115506 0.831479


0.543415 -0.115506 0.831479
0.429300 -0.115031 0.895806


0.543415 -0.115506 0.831479
0.444444 0.000000 0.895806


0.444444 0.000000 0.895806
0.429300 -0.115031 0.895806


0.444444 0.000000 0.895806
0.333333 0.000000 0.942809


0.444444 0.000000 0.895806
0.429300 0.115031 0.895806


0.429300 0.115031 0.895806
0.333333 0.000000 0.942809


0.429300 0.115031 0.895806
0.313231 0.114007 0.942809


0.429300 0.115031 0.895806
0.384900 0.222222 0.895806


0.384900 0.222222 0.895806
0.313231 0.114007 0.942809


0.384900 0.222222 0.895806
0.255348 0.214263 0.942809


0.384900 0.222222 0.895806
0.314270 0.314270 0.895806


0.314270 0.314270 0.895806
0.255348 0.214263 0.942809


0.314270 0.314270 0.895806
0.166667 0.288675 0.942809


0.314270 0.314270 0.895806
0.222222 0.384900 0.895806


0.222222 0.384900 0.895806
0.166667 0.288675 0.942809


0.222222 0.384900 0.895806
0.115031 0.429300 0.895806


0.115031 0.429300 0.895806
0.166667 0.288675 0.942809


0.115031 0.429300 0.895806
0.057883 0.328269 0.942809


0.115031 0.429300 0.895806
0.000000 0.444444 0.895806


0.000000 0.444444 0.895806
0.057883 0.328269 0.942809


0.000000 0.444444 0.895806
-0.057883 0.328269 0.942809


0.000000 0.444444 0.895806
-0.115031 0.429300 0.895806


-0.115031 0.429300 0.895806
-0.057883 0.328269 0.942809


-0.115031 0.429300 0.895806
-0.166667 0.288675 0.942809


-0.115031 0.429300 0.895806
-0.222222 0.384900 0.895806


-0.222222 0.384900 0.895806
-0.166667 0.288675 0.942809


-0.222222 0.384900 0.895806
-0.314270 0.314270 0.895806


-0.314270 0.314270 0.895806
-0.166667 0.288675 0.942809


-0.314270 0.314270 0.895806
-0.255348 0.214263 0.942809


-0.314270 0.314270 0.895806
-0.384900 0.222222 0.895806


-0.384900 0.222222 0.895806
-0.255348 0.214263 0.942809


-0.384900 0.222222 0.895806
-0.313231 0.114007 0.942809


-0.384900 0.222222 0.895806
-0.429300 0.115031 0.895806


-0.429300 0.115031 0.895806
-0.313231 0.114007 0.942809


-0.429300 0.115031 0.895806
-0.333333 0.000000 0.942809


-0.429300 0.115031 0.895806
-0.444444 0.000000 0.895806


-0.444444 0.000000 0.895806
-0.333333 0.000000 0.942809


-0.444444 0.000000 0.895806
-0.429300 -0.115031 0.895806


-0.429300 -0.115031 0.895806
-0.333333 0.000000 0.942809


-0.429300 -0.115031 0.895806
-0.313231 -0.114007 0.942809


-0.429300 -0.115031 0.895806
-0.384900 -0.222222 0.895806


-0.384900 -0.222222 0.895806
-0.313231 -0.114007 0.942809


-0.384900 -0.222222 0.895806
-0.255348 -0.214263 0.942809


-0.384900 -0.222222 0.895806
-0.314270 -0.314270 0.895806


-0.314270 -0.314270 0.895806
-0.255348 -0.214263 0.942809


-0.314270 -0.314270 0.895806
-0.166667 -0.288675 0.942809


-0.314270 -0.314270 0.895806
-0.222222 -0.384900 0.895806


-0.222222 -0.384900 0.895806
-0.166667 -0.288675 0.942809


-0.222222 -0.384900 0.895806
-0.115031 -0.429300 0.895806


-0.115031 -0.429300 0.895806
-0.166667 -0.288675 0.942809


-0.115031 -0.429300 0.895806
-0.057883 -0.328269 0.942809


-0.115031 -0.429300 0.895806
-0.000000 -0.444444 0.895806


-0.000000 -0.444444 0.895806
-0.057883 -0.328269 0.942809


-0.000000 -0.444444 0.895806
0.057883 -0.328269 0.942809


-0.000000 -0.444444 0.895806
0.115031 -0.429300 0.895806


0.115031 -0.429300 0.895806
0.057883 -0.328269 0.942809


0.115031 -0.429300 0.895806
0.166667 -0.288675 0.942809


0.115031 -0.429300 0.895806
0.222222 -0.384900 0.895806


0.222222 -0.384900 0.895806
0.166667 -0.288675 0.942809


0.222222 -0.384900 0.895806
0.314270 -0.314270 0.895806


0.314270 -0.314270 0.895806
0.166667 -0.288675 0.942809


0.314270 -0.314270 0.895806
0.255348 -0.214263 0.942809


0.314270 -0.314270 0.895806
0.384900 -0.222222 0.895806


0.384900 -0.222222 0.895806
0.255348 -0.214263 0.942809


0.384900 -0.222222 0.895806
0.313231 -0.114007 0.942809


0.384900 -0.222222 0.895806
0.429300 -0.115031 0.895806


0.429300 -0.115031 0.895806
0.313231 -0.114007 0.942809


0.429300 -0.115031 0.895806
0.333333 0.000000 0.942809


0.333333 0.000000 0.942809
0.313231 -0.114007 0.942809


0.333333 0.000000 0.942809
0.222222 0.000000 0.974996


0.333333 0.000000 0.942809
0.313231 0.114007 0.942809


0.313231 0.114007 0.942809
0.222222 0.000000 0.974996


0.313231 0.114007 0.942809
0.192450 0.111111 0.974996


0.313231 0.114007 0.942809
0.255348 0.214263 0.942809


0.255348 0.214263 0.942809
0.192450 0.111111 0.974996


0.255348 0.214263 0.942809
0.111111 0.192450 0.974996


0.255348 0.214263 0.942809
0.166667 0.288675 0.942809


0.166667 0.288675 0.942809
0.111111 0.192450 0.974996


0.166667 0.288675 0.942809
0.057883 0.328269 0.942809


0.057883 0.328269 0.942809
0.111111 0.192450 0.974996


0.057883 0.328269 0.942809
0.000000 0.222222 0.974996


0.057883 0.328269 0.942809
-0.057883 0.328269 0.942809


-0.057883 0.328269 0.942809
0.000000 0.222222 0.974996


-0.057883 0.328269 0.942809
-0.111111 0.192450 0.974996


-0.057883 0.328269 0.942809
-0.166667 0.288675 0.942809


-0.166667 0.288675 0.942809
-0.111111 0.192450 0.974996


-0.166667 0.288675 0.942809
-0.255348 0.214263 0.942809


-0.255348 0.214263 0.942809
-0.111111 0.192450 0.974996


-0.255348 0.214263 0.942809
-0.192450 0.111111 0.974996


-0.255348 0.214263 0.942809
-0.313231 0.114007 0.942809


-0.313231 0.114007 0.942809
-0.192450 0.111111 0.974996


-0.313231 0.114007 0.942809
-0.222222 0.000000 0.974996


-0.313231 0.114007 0.942809
-0.333333 0.000000 0.942809


-0.333333 0.000000 0.942809
-0.222222 0.000000 0.974996


-0.333333 0.000000 0.942809
-0.313231 -0.114007 0.942809


-0.313231 -0.114007 0.942809
-0.222222 0.000000 0.974996


-0.313231 -0.114007 0.942809
-0.192450 -0.111111 0.974996


-0.313231 -0.114007 0.942809
-0.255348 -0.214263 0.942809


-0.255348 -0.214263 0.942809
-0.192450 -0.111111 0.974996


-0.255348 -0.214263 0.942809
-0.111111 -0.192450 0.974996


-0.255348 -0.214263 0.942809
-0.166667 -0.288675 0.942809


-0.166667 -0.288675 0.942809
-0.111111 -0.192450 0.974996


-0.166667 -0.288675 0.942809
-0.057883 -0.328269 0.942809


-0.057883 -0.328269 0.942809
-0.111111 -0.192450 0.974996


-0.057883 -0.328269 0.942809
-0.000000 -0.222222 0.974996


-0.057883 -0.328269 0.942809
0.057883 -0.328269 0.942809


0.057883 -0.328269 0.942809
-0.000000 -0.222222 0.974996


0.057883 -0.328269 0.942809
0.111111 -0.192450 0.974996


0.057883 -0.328269 0.942809
0.166667 -0.288675 0.942809


0.166667 -0.288675 0.942809
0.111111 -0.192450 0.974996


0.166667 -0.288675 0.942809
0.255348 -0.214263 0.942809


0.255348 -0.214263 0.942809
0.111111 -0.192450 0.974996


0.255348 -0.214263 0.942809
0.192450 -0.111111 0.974996


0.255348 -0.214263 0.942809
0.313231 -0.114007 0.942809


0.313231 -0.114007 0.942809
0.192450 -0.111111 0.974996


0.313231 -0.114007 0.942809
0.222222 0.000000 0.974996


0.222222 0.000000 0.974996
0.192450 -0.111111 0.974996


0.222222 0.000000 0.974996
0.111111 0.000000 0.993808


0.222222 0.000000 0.974996
0.192450 0.111111 0.974996


0.192450 0.111111 0.974996
0.111111 0.000000 0.993808


0.192450 0.111111 0.974996
0.055556 0.096225 0.993808


0.192450 0.111111 0.974996
0.111111 0.192450 0.974996


0.111111 0.192450 0.974996
0.055556 0.096225 0.993808


0.111111 0.192450 0.974996
0.000000 0.222222 0.974996


0.000000 0.222222 0.974996
0.055556 0.096225 0.993808


0.000000 0.222222 0.974996
-0.055556 0.096225 0.993808


0.000000 0.222222 0.974996
-0.111111 0.192450 0.974996


-0.111111 0.192450 0.974996
-0.055556 0.096225 0.993808


-0.111111 0.192450 0.974996
-0.192450 0.111111 0.974996


-0.192450 0.111111 0.974996
-0.055556 0.096225 0.993808


-0.192450 0.111111 0.974996
-0.111111 0.000000 0.993808


-0.192450 0.111111 0.974996
-0.222222 0.000000 0.974996


-0.222222 0.000000 0.974996
-0.111111 0.000000 0.993808


-0.222222 0.000000 0.974996
-0.192450 -0.111111 0.974996


-0.192450 -0.111111 0.974996
-0.111111 0.000000 0.993808


-0.192450 -0.111111 0.974996
-0.055556 -0.096225 0.993808


-0.192450 -0.111111 0.974996
-0.111111 -0.192450 0.974996


-0.111111 -0.192450 0.974996
-0.055556 -0.096225 0.993808


-0.111111 -0.192450 0.974996
-0.000000 -0.222222 0.974996


-0.000000 -0.222222 0.974996
-0.055556 -0.096225 0.993808


-0.000000 -0.222222 0.974996
0.055556 -0.096225 0.993808


-0.000000 -0.222222 0.974996
0.111111 -0.192450 0.974996


0.111111 -0.192450 0.974996
0.055556 -0.096225 0.993808


0.111111 -0.192450 0.974996
0.192450 -0.111111 0.974996


0.192450 -0.111111 0.974996
0.055556 -0.096225 0.993808


0.192450 -0.111111 0.974996
0.111111 0.000000 0.993808


0.111111 0.000000 0.993808
0.055556 -0.096225 0.993808


0.111111 0.000000 0.993808
0.000000 0.000000 1.000000


0.111111 0.000000 0.993808
0.055556 0.096225 0.993808


0.055556 0.096225 0.993808
0.000000 0.000000 1.000000


0.055556 0.096225 0.993808
-0.055556 0.096225 0.993808


-0.055556 0.096225 0.993808
0.000000 0.000000 1.000000


-0.055556 0.096225 0.993808
-0.111111 0.000000 0.993808


-0.111111 0.000000 0.993808
0.000000 0.000000 1.000000


-0.111111 0.000000 0.993808
-0.055556 -0.096225 0.993808


-0.055556 -0.096225 0.993808
0.000000 0.000000 1.000000


-0.055556 -0.096225 0.993808
0.055556 -0.096225 0.993808


0.055556 -0.096225 0.993808
0.000000 0.000000 1.000000


